# Blender v2.77 (sub 0) OBJ File: ''
# www.blender.org
mtllib demo_1.mtl
o Trunk_Untitled.015
v -0.142046 -0.008494 -0.164779
v 0.134419 0.642606 0.004970
v -0.084635 0.834625 -0.116822
v -0.120275 1.865836 -0.077230
v 0.067062 0.001230 0.162837
v 0.057559 0.639355 -0.117016
v 0.131141 -0.007133 -0.154644
v -0.017444 6.232717 -0.050296
v -0.211559 -0.005733 0.003630
v -0.077150 6.229452 0.024348
v 0.201645 -0.006831 0.005349
v 0.041063 6.234077 0.037027
v -0.048355 1.855232 -0.210939
v -0.050534 1.855154 0.016161
v 0.089632 1.850859 0.017501
v 0.092310 1.850978 -0.209511
v -0.093083 0.070417 0.161068
v 0.160875 1.848583 -0.095925
v -0.163482 3.757980 -0.078006
v -0.166754 3.758093 0.087148
v -0.061413 3.759136 0.088731
v -0.059097 3.759031 -0.076588
v -0.215219 3.757181 0.004217
v -0.010025 3.759502 0.002434
v -0.328726 6.203712 -0.117760
v -0.317187 6.235177 -0.113823
v -0.212063 6.179528 0.084206
v -0.232351 6.255522 0.064303
v -0.075217 6.105304 -0.059871
v 0.073793 6.153676 0.027014
v 0.005830 6.194942 0.300672
v 0.003770 6.238997 0.287903
v 0.129153 6.195353 0.237634
v -0.139553 6.290232 -0.049873
v 0.138182 6.190967 0.107306
v 0.142756 6.240835 0.112900
v 0.256769 6.213237 0.102719
v 0.254258 6.252745 0.100464
v -0.045920 6.248235 -0.013264
v 0.153559 6.255626 -0.158631
v 0.109538 6.193342 -0.195219
v -0.047269 6.269433 -0.123902
v -0.080812 6.167887 -0.318351
v -0.078022 6.193892 -0.312705
v -0.139490 6.147264 -0.240273
v -0.128366 6.228786 -0.225011
v -0.272233 6.191473 -0.215295
v -0.277002 6.241342 -0.221146
v -0.020679 5.927855 -0.382215
v 0.220901 5.879151 -0.096231
v 0.100186 6.057378 0.102351
v -0.132567 5.967225 -0.321634
v -0.294147 5.868830 -0.223429
v -0.287608 5.967889 -0.217049
v -0.384253 5.928542 -0.038496
v -0.101342 5.825336 -0.030209
v -0.350295 5.917498 0.132714
v -0.346863 5.972826 0.129765
v -0.145001 5.921512 0.227233
v -0.140877 5.967221 0.223845
v -0.086192 5.930696 0.387263
v -0.082569 5.961363 0.382396
v 0.151254 5.907788 0.331252
v 0.160280 5.980865 0.349435
v 0.291022 5.888577 0.234277
v 0.285924 5.930708 0.230549
v 0.356821 5.893856 0.033824
v 0.312565 5.942863 0.072087
v -0.140700 6.012602 -0.035104
v 0.228109 5.955680 -0.069790
v 0.176576 5.899933 -0.288016
v 0.165058 5.937777 -0.278605
v -1.418705 3.842937 -0.472740
v -0.233001 3.671951 -0.056642
v -1.450340 4.022937 -0.543940
v -1.577270 3.883539 0.470994
v -1.595400 3.927149 0.155454
v 0.530892 3.904547 0.018028
v -1.356141 3.876587 0.831500
v -1.271451 3.986212 0.805615
v -0.618702 4.033332 0.572537
v -1.013725 4.023326 -0.561649
v -0.167432 4.248833 -0.023179
v -0.806086 3.910915 1.305018
v -0.809792 3.843023 1.305225
v -0.410251 3.938409 1.046027
v 1.451295 3.786015 -0.553379
v 0.176665 3.863300 1.030503
v 1.487016 3.997516 -0.548568
v -0.839609 3.902775 0.177514
v 0.692225 3.704737 0.748999
v 0.639932 3.977787 0.685977
v -0.061502 3.573750 0.378538
v 1.301436 3.804704 0.677828
v 1.252796 4.007877 0.634380
v -1.575239 4.059761 0.500160
v 1.208956 3.885142 0.106668
v -0.618702 3.739508 0.572537
v 1.234019 4.150987 0.116788
v 0.938813 3.784221 -0.896689
v 0.395068 4.023137 -0.229599
v 0.878022 3.936701 -0.824521
v 0.589359 3.865378 -1.406091
v -0.771238 4.198967 -0.059935
v 0.578616 4.000813 -1.353018
v 0.109962 3.853766 -1.027504
v 0.170635 4.182530 0.210055
v 0.104125 3.962723 -0.940127
v -0.554578 3.780298 -0.975017
v 0.259471 3.745876 -0.493948
v -0.539152 4.136943 -0.993356
v -1.018535 3.808493 -0.580836
v -0.494857 5.058358 -0.711703
v 0.130774 4.890357 0.107840
v -0.124920 4.959025 -0.524418
v -0.980732 4.999537 -0.288472
v -0.978294 5.065289 -0.194012
v 0.062330 5.143336 0.424417
v -0.514890 4.875218 -0.257102
v -0.843046 5.020000 -0.004028
v -0.913782 5.146429 0.032495
v -0.783210 4.992110 0.446834
v -0.390504 5.205186 -0.290112
v -0.809392 5.091258 0.462385
v -0.488886 4.955118 0.683781
v -0.473783 5.061322 0.659994
v -0.318901 5.173639 0.000322
v 0.895420 5.008513 0.296679
v 0.009500 5.038823 0.596385
v 0.138812 5.186836 0.109762
v 0.417148 4.953699 0.870574
v 0.009714 4.972197 0.573079
v 0.435589 5.085154 0.924465
v 0.789022 4.891766 0.545004
v -0.468230 5.185889 0.282623
v -0.475630 4.912951 0.280853
v 0.647132 4.942101 -0.082475
v -0.134194 5.040304 -0.495838
v 0.728161 5.038988 -0.102857
v 0.589253 4.977464 -0.392323
v 0.877733 4.980068 0.288112
v 0.665985 5.082181 -0.445237
v 0.318337 4.972337 -0.557919
v 0.219383 5.193313 -0.226436
v 0.291605 5.088835 -0.547361
v -1.231075 4.564861 0.039337
v -1.149011 4.762975 0.047677
v 0.424944 4.713311 0.157735
v -0.816660 4.611767 0.773909
v -0.193759 4.477497 0.051596
v -0.827168 4.743263 0.764172
v -0.535219 4.631195 0.721087
v -0.699870 4.671501 0.150004
v -0.521940 4.786362 0.743937
v -0.081205 4.568693 0.869602
v -0.108136 4.400511 0.533293
v -0.113183 4.739455 1.055958
v 0.352656 4.616710 0.770614
v -0.884034 4.502851 -0.220458
v 0.359295 4.750315 0.724546
v 0.346821 4.517597 0.186053
v -0.845167 4.712446 -0.209098
v -0.088477 4.784922 0.499370
v 0.871499 4.498842 -0.041098
v 0.819211 4.596065 -0.071503
v -0.096240 4.619884 -0.731827
v 0.556832 4.322256 -0.527786
v 0.383722 4.537765 -0.798812
v 0.567707 4.647396 -0.554202
v -0.058956 4.451829 -0.732654
v -0.242137 4.767677 0.092296
v -0.592646 4.481435 0.193851
v -0.507537 4.524137 -0.875075
v 0.388386 4.353614 -0.799791
v -0.490344 4.646740 -0.888812
v -0.714385 4.490596 -0.593343
v -0.808901 4.601898 -0.586089
v 0.225746 4.371035 0.094552
v 0.000584 3.276929 -1.641856
v 0.292286 2.970362 0.116047
v 1.300813 3.329146 -1.215777
v 1.008342 3.365933 0.829979
v -0.988356 3.442937 -1.425894
v 0.207873 3.433946 -1.635267
v 0.058916 3.473029 0.668767
v 1.875422 3.273306 -0.084246
v 1.912521 3.124866 -0.089880
v -0.935124 3.096404 0.016919
v 0.073382 3.108733 1.535708
v 1.533388 3.014804 1.101582
v -0.265571 2.953346 0.695504
v 0.140840 3.132383 1.008808
v -0.913998 3.538589 0.046807
v -0.866158 3.115182 1.262381
v -0.961332 3.129274 -0.759043
v 0.779543 2.916336 1.169207
v -0.359185 3.249343 -1.209821
v 1.148942 3.054645 -0.578647
v 0.729929 2.973614 -0.306612
v -1.862734 3.360476 -0.063532
v -1.047295 3.538190 0.529235
v -0.367958 3.351602 -1.050370
v 0.668806 3.458904 -0.013561
v 0.144222 3.225893 1.650250
v -0.210241 3.133979 -0.246391
v -0.886013 3.684232 -0.296171
v 0.680575 3.518219 -0.757796
v -1.315547 3.246626 0.857590
v -0.113013 3.073501 0.342992
v -1.453795 3.399972 -1.093323
v -1.456250 3.095996 -0.068308
v -0.577558 3.415842 -0.456323
v -0.715705 5.598396 -0.017733
v -0.505502 5.615811 -0.152715
v -0.577602 5.492134 0.155461
v -0.535900 5.606464 0.134890
v -0.534419 5.530649 0.403720
v -0.546598 5.646496 0.411712
v -0.146957 5.552172 0.619501
v -0.221616 5.588854 0.564151
v -0.143046 5.689521 0.198358
v -0.174926 5.543279 0.287629
v -0.243215 5.461107 -0.065217
v 0.023411 5.625382 0.419196
v 0.171591 5.519949 0.462112
v 0.263686 5.673654 0.411248
v 0.541048 5.581717 0.130695
v 0.281928 5.728493 -0.078465
v -0.261412 5.732377 -0.093580
v 0.599704 5.698045 0.160074
v -0.065820 5.733729 0.010352
v -0.009593 5.548265 0.090291
v 0.618118 5.602455 -0.325078
v 0.614103 5.675956 -0.322719
v 0.301038 5.487724 -0.459486
v 0.348833 5.718483 -0.432345
v 0.191942 5.634960 -0.625392
v 0.193340 5.692104 -0.589180
v -0.338404 5.602719 -0.417200
v 0.081971 5.640967 -0.274263
v 0.311624 5.495232 -0.042086
v -0.356924 5.716782 -0.420678
v -0.166754 3.758093 0.087148
v 0.041063 6.234077 0.037027
v -0.077150 6.229452 0.024348
v -0.050534 1.855154 0.016161
v 0.057559 0.639355 -0.117016
v -0.084635 0.834625 -0.116822
v -0.166754 3.758093 0.087148
v -0.215219 3.757181 0.004217
v -0.120275 1.865836 -0.077230
v -0.166754 3.758093 0.087148
v -0.077150 6.229452 0.024348
v -0.215219 3.757181 0.004217
v 0.134419 0.642606 0.004970
v 0.057559 0.639355 -0.117016
v 0.057559 0.639355 -0.117016
v -0.084635 0.834625 -0.116822
v -0.215219 3.757181 0.004217
v -0.163482 3.757980 -0.078006
v -0.048355 1.855232 -0.210939
v -0.061413 3.759136 0.088731
v -0.050534 1.855154 0.016161
v 0.089632 1.850859 0.017501
v -0.061413 3.759136 0.088731
v 0.092310 1.850978 -0.209511
v -0.059097 3.759031 -0.076588
v 0.092310 1.850978 -0.209511
v -0.048355 1.855232 -0.210939
v -0.163482 3.757980 -0.078006
v 0.134419 0.642606 0.004970
v 0.160875 1.848583 -0.095925
v -0.077150 6.229452 0.024348
v -0.017444 6.232717 -0.050296
v -0.163482 3.757980 -0.078006
v -0.010025 3.759502 0.002434
v 0.041063 6.234077 0.037027
v -0.061413 3.759136 0.088731
v -0.059097 3.759031 -0.076588
v 0.092310 1.850978 -0.209511
v -0.163482 3.757980 -0.078006
v -0.120275 1.865836 -0.077230
v -0.048355 1.855232 -0.210939
v -0.084635 0.834625 -0.116822
v 0.160875 1.848583 -0.095925
v 0.089632 1.850859 0.017501
v 0.067062 0.001230 0.162837
v 0.089632 1.850859 0.017501
v -0.050534 1.855154 0.016161
v -0.093083 0.070417 0.161068
v 0.201645 -0.006831 0.005349
v 0.131141 -0.007133 -0.154644
v 0.057559 0.639355 -0.117016
v 0.131141 -0.007133 -0.154644
v -0.142046 -0.008494 -0.164779
v -0.084635 0.834625 -0.116822
v -0.120275 1.865836 -0.077230
v -0.211559 -0.005733 0.003630
v -0.093083 0.070417 0.161068
v -0.061413 3.759136 0.088731
v 0.041063 6.234077 0.037027
v -0.166754 3.758093 0.087148
v -0.010025 3.759502 0.002434
v -0.059097 3.759031 -0.076588
v 0.041063 6.234077 0.037027
v -0.163482 3.757980 -0.078006
v -0.017444 6.232717 -0.050296
v -0.059097 3.759031 -0.076588
v 0.067062 0.001230 0.162837
v 0.089632 1.850859 0.017501
v -0.093083 0.070417 0.161068
v -0.120275 1.865836 -0.077230
v -0.084635 0.834625 -0.116822
v -0.211559 -0.005733 0.003630
v 0.134419 0.642606 0.004970
v 0.067062 0.001230 0.162837
v 0.201645 -0.006831 0.005349
v -0.050534 1.855154 0.016161
v -0.166754 3.758093 0.087148
v -0.120275 1.865836 -0.077230
v -0.010025 3.759502 0.002434
v 0.160875 1.848583 -0.095925
v -0.059097 3.759031 -0.076588
v 0.160875 1.848583 -0.095925
v 0.134419 0.642606 0.004970
v 0.092310 1.850978 -0.209511
v 0.092310 1.850978 -0.209511
v 0.057559 0.639355 -0.117016
v -0.048355 1.855232 -0.210939
v -0.120275 1.865836 -0.077230
v -0.215219 3.757181 0.004217
v -0.048355 1.855232 -0.210939
v 0.160875 1.848583 -0.095925
v -0.010025 3.759502 0.002434
v 0.089632 1.850859 0.017501
v -0.232351 6.255522 0.064303
v 0.129153 6.195353 0.237634
v 0.003770 6.238997 0.287903
v 0.003770 6.238997 0.287903
v 0.129153 6.195353 0.237634
v -0.232351 6.255522 0.064303
v 0.138182 6.190967 0.107306
v 0.254258 6.252745 0.100464
v 0.153559 6.255626 -0.158631
v 0.109538 6.193342 -0.195219
v -0.078022 6.193892 -0.312705
v -0.080812 6.167887 -0.318351
v -0.128366 6.228786 -0.225011
v -0.317187 6.235177 -0.113823
v -0.277002 6.241342 -0.221146
v -0.277002 6.241342 -0.221146
v -0.317187 6.235177 -0.113823
v -0.139553 6.290232 -0.049873
v -0.232351 6.255522 0.064303
v 0.129153 6.195353 0.237634
v -0.045920 6.248235 -0.013264
v -0.232351 6.255522 0.064303
v -0.128366 6.228786 -0.225011
v -0.277002 6.241342 -0.221146
v -0.045920 6.248235 -0.013264
v -0.047269 6.269433 -0.123902
v -0.139553 6.290232 -0.049873
v 0.142756 6.240835 0.112900
v 0.254258 6.252745 0.100464
v -0.045920 6.248235 -0.013264
v 0.153559 6.255626 -0.158631
v -0.078022 6.193892 -0.312705
v -0.128366 6.228786 -0.225011
v 0.129153 6.195353 0.237634
v 0.142756 6.240835 0.112900
v -0.045920 6.248235 -0.013264
v 0.254258 6.252745 0.100464
v 0.153559 6.255626 -0.158631
v -0.045920 6.248235 -0.013264
v -0.075217 6.105304 -0.059871
v -0.139490 6.147264 -0.240273
v -0.080812 6.167887 -0.318351
v 0.073793 6.153676 0.027014
v -0.075217 6.105304 -0.059871
v 0.109538 6.193342 -0.195219
v 0.138182 6.190967 0.107306
v 0.073793 6.153676 0.027014
v 0.109538 6.193342 -0.195219
v -0.075217 6.105304 -0.059871
v -0.272233 6.191473 -0.215295
v -0.139490 6.147264 -0.240273
v -0.045920 6.248235 -0.013264
v 0.153559 6.255626 -0.158631
v -0.047269 6.269433 -0.123902
v 0.129153 6.195353 0.237634
v -0.075217 6.105304 -0.059871
v 0.073793 6.153676 0.027014
v -0.212063 6.179528 0.084206
v -0.328726 6.203712 -0.117760
v -0.272233 6.191473 -0.215295
v 0.256769 6.213237 0.102719
v 0.138182 6.190967 0.107306
v 0.109538 6.193342 -0.195219
v 0.005830 6.194942 0.300672
v -0.212063 6.179528 0.084206
v -0.075217 6.105304 -0.059871
v -0.212063 6.179528 0.084206
v -0.232351 6.255522 0.064303
v -0.328726 6.203712 -0.117760
v 0.129153 6.195353 0.237634
v 0.005830 6.194942 0.300672
v -0.075217 6.105304 -0.059871
v 0.005830 6.194942 0.300672
v 0.003770 6.238997 0.287903
v -0.212063 6.179528 0.084206
v -0.139553 6.290232 -0.049873
v -0.047269 6.269433 -0.123902
v -0.277002 6.241342 -0.221146
v 0.138182 6.190967 0.107306
v 0.142756 6.240835 0.112900
v 0.129153 6.195353 0.237634
v 0.256769 6.213237 0.102719
v 0.254258 6.252745 0.100464
v 0.138182 6.190967 0.107306
v 0.109538 6.193342 -0.195219
v 0.153559 6.255626 -0.158631
v 0.256769 6.213237 0.102719
v -0.047269 6.269433 -0.123902
v 0.153559 6.255626 -0.158631
v -0.128366 6.228786 -0.225011
v -0.080812 6.167887 -0.318351
v -0.078022 6.193892 -0.312705
v 0.109538 6.193342 -0.195219
v -0.139490 6.147264 -0.240273
v -0.128366 6.228786 -0.225011
v -0.080812 6.167887 -0.318351
v -0.272233 6.191473 -0.215295
v -0.277002 6.241342 -0.221146
v -0.139490 6.147264 -0.240273
v -0.328726 6.203712 -0.117760
v -0.317187 6.235177 -0.113823
v -0.272233 6.191473 -0.215295
v -0.232351 6.255522 0.064303
v -0.139553 6.290232 -0.049873
v -0.317187 6.235177 -0.113823
v -0.075217 6.105304 -0.059871
v -0.212063 6.179528 0.084206
v -0.272233 6.191473 -0.215295
v -0.287608 5.967889 -0.217049
v -0.294147 5.868830 -0.223429
v -0.140877 5.967221 0.223845
v -0.145001 5.921512 0.227233
v -0.082569 5.961363 0.382396
v -0.086192 5.930696 0.387263
v 0.160280 5.980865 0.349435
v 0.151254 5.907788 0.331252
v 0.285924 5.930708 0.230549
v 0.312565 5.942863 0.072087
v 0.228109 5.955680 -0.069790
v 0.220901 5.879151 -0.096231
v -0.020679 5.927855 -0.382215
v 0.165058 5.937777 -0.278605
v -0.132567 5.967225 -0.321634
v 0.165058 5.937777 -0.278605
v -0.020679 5.927855 -0.382215
v -0.132567 5.967225 -0.321634
v -0.346863 5.972826 0.129765
v -0.140700 6.012602 -0.035104
v -0.287608 5.967889 -0.217049
v 0.100186 6.057378 0.102351
v 0.228109 5.955680 -0.069790
v 0.165058 5.937777 -0.278605
v -0.140877 5.967221 0.223845
v -0.082569 5.961363 0.382396
v 0.100186 6.057378 0.102351
v -0.140877 5.967221 0.223845
v 0.100186 6.057378 0.102351
v -0.140700 6.012602 -0.035104
v 0.285924 5.930708 0.230549
v 0.312565 5.942863 0.072087
v 0.228109 5.955680 -0.069790
v 0.160280 5.980865 0.349435
v 0.285924 5.930708 0.230549
v 0.100186 6.057378 0.102351
v -0.082569 5.961363 0.382396
v 0.160280 5.980865 0.349435
v 0.100186 6.057378 0.102351
v -0.101342 5.825336 -0.030209
v 0.220901 5.879151 -0.096231
v 0.356821 5.893856 0.033824
v -0.145001 5.921512 0.227233
v -0.350295 5.917498 0.132714
v -0.101342 5.825336 -0.030209
v -0.145001 5.921512 0.227233
v -0.101342 5.825336 -0.030209
v 0.151254 5.907788 0.331252
v 0.151254 5.907788 0.331252
v -0.101342 5.825336 -0.030209
v 0.291022 5.888577 0.234277
v 0.100186 6.057378 0.102351
v 0.285924 5.930708 0.230549
v 0.228109 5.955680 -0.069790
v 0.291022 5.888577 0.234277
v -0.101342 5.825336 -0.030209
v 0.356821 5.893856 0.033824
v -0.384253 5.928542 -0.038496
v -0.346863 5.972826 0.129765
v -0.287608 5.967889 -0.217049
v -0.294147 5.868830 -0.223429
v -0.020679 5.927855 -0.382215
v 0.220901 5.879151 -0.096231
v -0.384253 5.928542 -0.038496
v -0.294147 5.868830 -0.223429
v -0.101342 5.825336 -0.030209
v -0.132567 5.967225 -0.321634
v 0.100186 6.057378 0.102351
v 0.165058 5.937777 -0.278605
v -0.294147 5.868830 -0.223429
v -0.287608 5.967889 -0.217049
v -0.020679 5.927855 -0.382215
v -0.350295 5.917498 0.132714
v -0.384253 5.928542 -0.038496
v -0.101342 5.825336 -0.030209
v -0.350295 5.917498 0.132714
v -0.346863 5.972826 0.129765
v -0.384253 5.928542 -0.038496
v -0.145001 5.921512 0.227233
v -0.140877 5.967221 0.223845
v -0.350295 5.917498 0.132714
v -0.086192 5.930696 0.387263
v -0.082569 5.961363 0.382396
v -0.145001 5.921512 0.227233
v 0.151254 5.907788 0.331252
v 0.160280 5.980865 0.349435
v -0.086192 5.930696 0.387263
v 0.291022 5.888577 0.234277
v 0.285924 5.930708 0.230549
v 0.151254 5.907788 0.331252
v 0.356821 5.893856 0.033824
v 0.312565 5.942863 0.072087
v 0.291022 5.888577 0.234277
v 0.220901 5.879151 -0.096231
v 0.228109 5.955680 -0.069790
v 0.356821 5.893856 0.033824
v 0.176576 5.899933 -0.288016
v 0.165058 5.937777 -0.278605
v 0.220901 5.879151 -0.096231
v 0.220901 5.879151 -0.096231
v -0.020679 5.927855 -0.382215
v 0.176576 5.899933 -0.288016
v -0.346863 5.972826 0.129765
v -0.140877 5.967221 0.223845
v -0.140700 6.012602 -0.035104
v -0.287608 5.967889 -0.217049
v -0.140700 6.012602 -0.035104
v -0.132567 5.967225 -0.321634
v 1.208956 3.885142 0.106668
v -1.271451 3.986212 0.805615
v 1.451295 3.786015 -0.553379
v 0.938813 3.784221 -0.896689
v 1.487016 3.997516 -0.548568
v -0.809792 3.843023 1.305225
v 0.589359 3.865378 -1.406091
v 0.692225 3.704737 0.748999
v -0.410251 3.938409 1.046027
v -0.809792 3.843023 1.305225
v 0.639932 3.977787 0.685977
v 1.252796 4.007877 0.634380
v 0.176665 3.863300 1.030503
v 0.639932 3.977787 0.685977
v 0.170635 4.182530 0.210055
v 1.208956 3.885142 0.106668
v 1.252796 4.007877 0.634380
v 1.301436 3.804704 0.677828
v 0.259471 3.745876 -0.493948
v 1.451295 3.786015 -0.553379
v 0.589359 3.865378 -1.406091
v 0.938813 3.784221 -0.896689
v 0.530892 3.904547 0.018028
v -0.233001 3.671951 -0.056642
v 0.259471 3.745876 -0.493948
v 0.589359 3.865378 -1.406091
v 0.878022 3.936701 -0.824521
v 1.451295 3.786015 -0.553379
v 1.208956 3.885142 0.106668
v 0.530892 3.904547 0.018028
v 0.259471 3.745876 -0.493948
v -0.233001 3.671951 -0.056642
v 0.109962 3.853766 -1.027504
v -0.554578 3.780298 -0.975017
v 0.176665 3.863300 1.030503
v -0.809792 3.843023 1.305225
v 0.104125 3.962723 -0.940127
v 0.578616 4.000813 -1.353018
v 0.589359 3.865378 -1.406091
v -0.539152 4.136943 -0.993356
v 0.104125 3.962723 -0.940127
v 0.109962 3.853766 -1.027504
v -1.013725 4.023326 -0.561649
v -0.539152 4.136943 -0.993356
v -0.554578 3.780298 -0.975017
v -1.450340 4.022937 -0.543940
v -1.013725 4.023326 -0.561649
v -1.018535 3.808493 -0.580836
v -1.013725 4.023326 -0.561649
v -1.450340 4.022937 -0.543940
v -1.271451 3.986212 0.805615
v -0.771238 4.198967 -0.059935
v -0.410251 3.938409 1.046027
v -0.618702 4.033332 0.572537
v -1.271451 3.986212 0.805615
v -0.167432 4.248833 -0.023179
v -0.539152 4.136943 -0.993356
v -1.013725 4.023326 -0.561649
v -0.618702 4.033332 0.572537
v 0.170635 4.182530 0.210055
v -0.167432 4.248833 -0.023179
v 0.176665 3.863300 1.030503
v 0.170635 4.182530 0.210055
v -0.618702 4.033332 0.572537
v 0.395068 4.023137 -0.229599
v 0.104125 3.962723 -0.940127
v -0.539152 4.136943 -0.993356
v 0.395068 4.023137 -0.229599
v 0.878022 3.936701 -0.824521
v 0.104125 3.962723 -0.940127
v 0.692225 3.704737 0.748999
v 0.176665 3.863300 1.030503
v 0.530892 3.904547 0.018028
v 0.878022 3.936701 -0.824521
v 0.578616 4.000813 -1.353018
v 0.104125 3.962723 -0.940127
v 0.170635 4.182530 0.210055
v 1.487016 3.997516 -0.548568
v 1.252796 4.007877 0.634380
v 1.234019 4.150987 0.116788
v 0.170635 4.182530 0.210055
v 0.259471 3.745876 -0.493948
v 0.109962 3.853766 -1.027504
v 0.589359 3.865378 -1.406091
v -1.595400 3.927149 0.155454
v -0.771238 4.198967 -0.059935
v -1.450340 4.022937 -0.543940
v 0.692225 3.704737 0.748999
v 0.530892 3.904547 0.018028
v 1.208956 3.885142 0.106668
v -0.233001 3.671951 -0.056642
v -0.554578 3.780298 -0.975017
v 0.109962 3.853766 -1.027504
v -1.418705 3.842937 -0.472740
v -1.450340 4.022937 -0.543940
v -1.018535 3.808493 -0.580836
v 0.176665 3.863300 1.030503
v -0.061502 3.573750 0.378538
v 0.530892 3.904547 0.018028
v -0.839609 3.902775 0.177514
v -1.018535 3.808493 -0.580836
v -0.554578 3.780298 -0.975017
v -0.061502 3.573750 0.378538
v -0.839609 3.902775 0.177514
v -0.809792 3.843023 1.305225
v -0.618702 3.739508 0.572537
v -0.061502 3.573750 0.378538
v -1.577270 3.883539 0.470994
v -1.418705 3.842937 -0.472740
v -1.018535 3.808493 -0.580836
v -0.806086 3.910915 1.305018
v -0.410251 3.938409 1.046027
v -1.271451 3.986212 0.805615
v -0.809792 3.843023 1.305225
v -1.356141 3.876587 0.831500
v -0.618702 3.739508 0.572537
v -0.771238 4.198967 -0.059935
v -0.167432 4.248833 -0.023179
v -1.013725 4.023326 -0.561649
v 1.208956 3.885142 0.106668
v 1.234019 4.150987 0.116788
v 1.252796 4.007877 0.634380
v 0.938813 3.784221 -0.896689
v 0.878022 3.936701 -0.824521
v 1.487016 3.997516 -0.548568
v 1.234019 4.150987 0.116788
v 1.208956 3.885142 0.106668
v 1.487016 3.997516 -0.548568
v -0.771238 4.198967 -0.059935
v -1.595400 3.927149 0.155454
v -1.575239 4.059761 0.500160
v -0.771238 4.198967 -0.059935
v -0.618702 4.033332 0.572537
v -0.167432 4.248833 -0.023179
v -0.839609 3.902775 0.177514
v -1.577270 3.883539 0.470994
v -1.018535 3.808493 -0.580836
v 0.395068 4.023137 -0.229599
v 0.170635 4.182530 0.210055
v 1.487016 3.997516 -0.548568
v 0.259471 3.745876 -0.493948
v 0.938813 3.784221 -0.896689
v 1.451295 3.786015 -0.553379
v 0.530892 3.904547 0.018028
v -0.061502 3.573750 0.378538
v -0.233001 3.671951 -0.056642
v -0.167432 4.248833 -0.023179
v 0.170635 4.182530 0.210055
v 0.395068 4.023137 -0.229599
v -0.618702 3.739508 0.572537
v -1.356141 3.876587 0.831500
v -1.577270 3.883539 0.470994
v -1.577270 3.883539 0.470994
v -1.595400 3.927149 0.155454
v -1.418705 3.842937 -0.472740
v -1.577270 3.883539 0.470994
v -1.356141 3.876587 0.831500
v -1.271451 3.986212 0.805615
v -0.410251 3.938409 1.046027
v 0.176665 3.863300 1.030503
v -0.618702 4.033332 0.572537
v 1.487016 3.997516 -0.548568
v 0.878022 3.936701 -0.824521
v 0.395068 4.023137 -0.229599
v -1.577270 3.883539 0.470994
v -1.575239 4.059761 0.500160
v -1.595400 3.927149 0.155454
v -0.809792 3.843023 1.305225
v -0.806086 3.910915 1.305018
v -1.271451 3.986212 0.805615
v -1.575239 4.059761 0.500160
v -1.271451 3.986212 0.805615
v -0.771238 4.198967 -0.059935
v -0.554578 3.780298 -0.975017
v -0.539152 4.136943 -0.993356
v 0.109962 3.853766 -1.027504
v 0.692225 3.704737 0.748999
v 0.639932 3.977787 0.685977
v 0.176665 3.863300 1.030503
v 1.301436 3.804704 0.677828
v 1.252796 4.007877 0.634380
v 0.692225 3.704737 0.748999
v -0.233001 3.671951 -0.056642
v -0.061502 3.573750 0.378538
v -0.839609 3.902775 0.177514
v -0.839609 3.902775 0.177514
v -0.618702 3.739508 0.572537
v -1.577270 3.883539 0.470994
v 0.138812 5.186836 0.109762
v -0.318901 5.173639 0.000322
v -0.514890 4.875218 -0.257102
v -0.913782 5.146429 0.032495
v 0.062330 5.143336 0.424417
v 0.009500 5.038823 0.596385
v 0.009500 5.038823 0.596385
v -0.473783 5.061322 0.659994
v -0.809392 5.091258 0.462385
v -0.488886 4.955118 0.683781
v -0.783210 4.992110 0.446834
v -0.475630 4.912951 0.280853
v -0.318901 5.173639 0.000322
v -0.978294 5.065289 -0.194012
v -0.318901 5.173639 0.000322
v 0.138812 5.186836 0.109762
v 0.647132 4.942101 -0.082475
v 0.895420 5.008513 0.296679
v 0.435589 5.085154 0.924465
v 0.417148 4.953699 0.870574
v 0.789022 4.891766 0.545004
v 0.877733 4.980068 0.288112
v 0.417148 4.953699 0.870574
v -0.390504 5.205186 -0.290112
v 0.219383 5.193313 -0.226436
v 0.877733 4.980068 0.288112
v 0.130774 4.890357 0.107840
v 0.647132 4.942101 -0.082475
v -0.134194 5.040304 -0.495838
v 0.318337 4.972337 -0.557919
v -0.134194 5.040304 -0.495838
v -0.124920 4.959025 -0.524418
v 0.589253 4.977464 -0.392323
v -0.134194 5.040304 -0.495838
v 0.291605 5.088835 -0.547361
v 0.318337 4.972337 -0.557919
v 0.877733 4.980068 0.288112
v 0.895420 5.008513 0.296679
v 0.417148 4.953699 0.870574
v -0.390504 5.205186 -0.290112
v -0.134194 5.040304 -0.495838
v -0.494857 5.058358 -0.711703
v -0.913782 5.146429 0.032495
v -0.468230 5.185889 0.282623
v -0.318901 5.173639 0.000322
v -0.473783 5.061322 0.659994
v -0.468230 5.185889 0.282623
v -0.913782 5.146429 0.032495
v 0.219383 5.193313 -0.226436
v 0.291605 5.088835 -0.547361
v -0.134194 5.040304 -0.495838
v -0.468230 5.185889 0.282623
v 0.062330 5.143336 0.424417
v 0.138812 5.186836 0.109762
v 0.009500 5.038823 0.596385
v 0.062330 5.143336 0.424417
v -0.468230 5.185889 0.282623
v 0.728161 5.038988 -0.102857
v 0.665985 5.082181 -0.445237
v 0.291605 5.088835 -0.547361
v 0.895420 5.008513 0.296679
v 0.728161 5.038988 -0.102857
v 0.219383 5.193313 -0.226436
v 0.435589 5.085154 0.924465
v 0.895420 5.008513 0.296679
v 0.062330 5.143336 0.424417
v 0.647132 4.942101 -0.082475
v 0.318337 4.972337 -0.557919
v 0.589253 4.977464 -0.392323
v -0.514890 4.875218 -0.257102
v -0.980732 4.999537 -0.288472
v -0.124920 4.959025 -0.524418
v 0.417148 4.953699 0.870574
v 0.009714 4.972197 0.573079
v 0.789022 4.891766 0.545004
v -0.514890 4.875218 -0.257102
v -0.124920 4.959025 -0.524418
v 0.318337 4.972337 -0.557919
v 0.009714 4.972197 0.573079
v -0.475630 4.912951 0.280853
v -0.514890 4.875218 -0.257102
v -0.488886 4.955118 0.683781
v -0.475630 4.912951 0.280853
v 0.009714 4.972197 0.573079
v -0.980732 4.999537 -0.288472
v -0.494857 5.058358 -0.711703
v -0.124920 4.959025 -0.524418
v 0.877733 4.980068 0.288112
v 0.728161 5.038988 -0.102857
v 0.895420 5.008513 0.296679
v -0.783210 4.992110 0.446834
v -0.843046 5.020000 -0.004028
v -0.475630 4.912951 0.280853
v 0.589253 4.977464 -0.392323
v 0.665985 5.082181 -0.445237
v 0.728161 5.038988 -0.102857
v -0.843046 5.020000 -0.004028
v -0.913782 5.146429 0.032495
v -0.978294 5.065289 -0.194012
v 0.647132 4.942101 -0.082475
v 0.728161 5.038988 -0.102857
v 0.877733 4.980068 0.288112
v 0.318337 4.972337 -0.557919
v 0.291605 5.088835 -0.547361
v 0.589253 4.977464 -0.392323
v 0.130774 4.890357 0.107840
v 0.009714 4.972197 0.573079
v -0.514890 4.875218 -0.257102
v 0.219383 5.193313 -0.226436
v -0.390504 5.205186 -0.290112
v -0.318901 5.173639 0.000322
v 0.219383 5.193313 -0.226436
v 0.728161 5.038988 -0.102857
v 0.291605 5.088835 -0.547361
v 0.789022 4.891766 0.545004
v 0.009714 4.972197 0.573079
v 0.130774 4.890357 0.107840
v -0.514890 4.875218 -0.257102
v 0.647132 4.942101 -0.082475
v 0.130774 4.890357 0.107840
v -0.475630 4.912951 0.280853
v -0.843046 5.020000 -0.004028
v -0.980732 4.999537 -0.288472
v -0.980732 4.999537 -0.288472
v -0.978294 5.065289 -0.194012
v -0.494857 5.058358 -0.711703
v -0.980732 4.999537 -0.288472
v -0.843046 5.020000 -0.004028
v -0.978294 5.065289 -0.194012
v 0.417148 4.953699 0.870574
v 0.435589 5.085154 0.924465
v 0.009500 5.038823 0.596385
v -0.809392 5.091258 0.462385
v -0.473783 5.061322 0.659994
v -0.913782 5.146429 0.032495
v -0.978294 5.065289 -0.194012
v -0.390504 5.205186 -0.290112
v -0.494857 5.058358 -0.711703
v -0.783210 4.992110 0.446834
v -0.809392 5.091258 0.462385
v -0.843046 5.020000 -0.004028
v -0.488886 4.955118 0.683781
v -0.473783 5.061322 0.659994
v -0.783210 4.992110 0.446834
v 0.009714 4.972197 0.573079
v 0.009500 5.038823 0.596385
v -0.488886 4.955118 0.683781
v -0.473783 5.061322 0.659994
v 0.009500 5.038823 0.596385
v -0.468230 5.185889 0.282623
v 0.138812 5.186836 0.109762
v 0.895420 5.008513 0.296679
v 0.219383 5.193313 -0.226436
v -0.096240 4.619884 -0.731827
v -0.242137 4.767677 0.092296
v 0.383722 4.537765 -0.798812
v -0.816660 4.611767 0.773909
v -0.816660 4.611767 0.773909
v 0.424944 4.713311 0.157735
v 0.383722 4.537765 -0.798812
v -0.113183 4.739455 1.055958
v -0.081205 4.568693 0.869602
v 0.424944 4.713311 0.157735
v 0.359295 4.750315 0.724546
v 0.352656 4.616710 0.770614
v 0.424944 4.713311 0.157735
v 0.346821 4.517597 0.186053
v 0.383722 4.537765 -0.798812
v 0.819211 4.596065 -0.071503
v 0.871499 4.498842 -0.041098
v -0.884034 4.502851 -0.220458
v -0.845167 4.712446 -0.209098
v 0.871499 4.498842 -0.041098
v 0.346821 4.517597 0.186053
v 0.556832 4.322256 -0.527786
v 0.359295 4.750315 0.724546
v 0.424944 4.713311 0.157735
v -0.096240 4.619884 -0.731827
v 0.383722 4.537765 -0.798812
v -0.096240 4.619884 -0.731827
v -0.058956 4.451829 -0.732654
v 0.346821 4.517597 0.186053
v 0.352656 4.616710 0.770614
v -0.845167 4.712446 -0.209098
v -0.714385 4.490596 -0.593343
v -1.149011 4.762975 0.047677
v -0.845167 4.712446 -0.209098
v -0.884034 4.502851 -0.220458
v -0.808901 4.601898 -0.586089
v -0.490344 4.646740 -0.888812
v -0.113183 4.739455 1.055958
v 0.359295 4.750315 0.724546
v -0.521940 4.786362 0.743937
v -0.827168 4.743263 0.764172
v -0.521940 4.786362 0.743937
v -0.242137 4.767677 0.092296
v -0.699870 4.671501 0.150004
v -0.845167 4.712446 -0.209098
v -1.149011 4.762975 0.047677
v -0.521940 4.786362 0.743937
v -0.088477 4.784922 0.499370
v -0.242137 4.767677 0.092296
v 0.359295 4.750315 0.724546
v -0.088477 4.784922 0.499370
v -0.521940 4.786362 0.743937
v -0.096240 4.619884 -0.731827
v -0.808901 4.601898 -0.586089
v -0.845167 4.712446 -0.209098
v -0.088477 4.784922 0.499370
v 0.424944 4.713311 0.157735
v -0.242137 4.767677 0.092296
v -1.231075 4.564861 0.039337
v -1.149011 4.762975 0.047677
v -0.884034 4.502851 -0.220458
v -0.096240 4.619884 -0.731827
v -0.490344 4.646740 -0.888812
v -0.808901 4.601898 -0.586089
v -0.827168 4.743263 0.764172
v -0.699870 4.671501 0.150004
v -1.149011 4.762975 0.047677
v 0.819211 4.596065 -0.071503
v 0.424944 4.713311 0.157735
v -0.592646 4.481435 0.193851
v -0.714385 4.490596 -0.593343
v -0.507537 4.524137 -0.875075
v -0.592646 4.481435 0.193851
v -0.058956 4.451829 -0.732654
v 0.346821 4.517597 0.186053
v 0.225746 4.371035 0.094552
v 0.556832 4.322256 -0.527786
v -0.592646 4.481435 0.193851
v -0.884034 4.502851 -0.220458
v -0.714385 4.490596 -0.593343
v 0.225746 4.371035 0.094552
v -0.193759 4.477497 0.051596
v 0.352656 4.616710 0.770614
v -0.108136 4.400511 0.533293
v 0.225746 4.371035 0.094552
v -0.816660 4.611767 0.773909
v -1.231075 4.564861 0.039337
v -0.884034 4.502851 -0.220458
v -0.058956 4.451829 -0.732654
v 0.383722 4.537765 -0.798812
v -0.081205 4.568693 0.869602
v -0.535219 4.631195 0.721087
v -0.108136 4.400511 0.533293
v -0.507537 4.524137 -0.875075
v -0.490344 4.646740 -0.888812
v -0.058956 4.451829 -0.732654
v -0.816660 4.611767 0.773909
v -0.521940 4.786362 0.743937
v -0.827168 4.743263 0.764172
v -0.058956 4.451829 -0.732654
v -0.592646 4.481435 0.193851
v -0.507537 4.524137 -0.875075
v -0.193759 4.477497 0.051596
v -0.108136 4.400511 0.533293
v -0.816660 4.611767 0.773909
v -0.193759 4.477497 0.051596
v -0.816660 4.611767 0.773909
v -0.592646 4.481435 0.193851
v -0.096240 4.619884 -0.731827
v -0.699870 4.671501 0.150004
v -0.242137 4.767677 0.092296
v 0.424944 4.713311 0.157735
v 0.567707 4.647396 -0.554202
v 0.383722 4.537765 -0.798812
v 0.556832 4.322256 -0.527786
v 0.225746 4.371035 0.094552
v -0.193759 4.477497 0.051596
v 0.388386 4.353614 -0.799791
v -0.193759 4.477497 0.051596
v -0.058956 4.451829 -0.732654
v -0.108136 4.400511 0.533293
v -0.535219 4.631195 0.721087
v -0.816660 4.611767 0.773909
v -0.816660 4.611767 0.773909
v -0.827168 4.743263 0.764172
v -1.231075 4.564861 0.039337
v -0.242137 4.767677 0.092296
v -0.699870 4.671501 0.150004
v -0.827168 4.743263 0.764172
v 0.383722 4.537765 -0.798812
v 0.567707 4.647396 -0.554202
v 0.819211 4.596065 -0.071503
v 0.352656 4.616710 0.770614
v -0.081205 4.568693 0.869602
v -0.108136 4.400511 0.533293
v 0.388386 4.353614 -0.799791
v 0.556832 4.322256 -0.527786
v -0.193759 4.477497 0.051596
v -0.081205 4.568693 0.869602
v -0.113183 4.739455 1.055958
v -0.816660 4.611767 0.773909
v -0.714385 4.490596 -0.593343
v -0.808901 4.601898 -0.586089
v -0.507537 4.524137 -0.875075
v 0.388386 4.353614 -0.799791
v 0.383722 4.537765 -0.798812
v 0.556832 4.322256 -0.527786
v 0.871499 4.498842 -0.041098
v 0.819211 4.596065 -0.071503
v 0.346821 4.517597 0.186053
v 0.352656 4.616710 0.770614
v 0.359295 4.750315 0.724546
v -0.081205 4.568693 0.869602
v -1.315547 3.246626 0.857590
v -0.935124 3.096404 0.016919
v -0.935124 3.096404 0.016919
v -0.961332 3.129274 -0.759043
v -0.210241 3.133979 -0.246391
v -1.453795 3.399972 -1.093323
v -0.577558 3.415842 -0.456323
v 1.300813 3.329146 -1.215777
v -0.886013 3.684232 -0.296171
v -1.453795 3.399972 -1.093323
v 1.875422 3.273306 -0.084246
v 0.000584 3.276929 -1.641856
v -0.961332 3.129274 -0.759043
v -0.988356 3.442937 -1.425894
v -0.359185 3.249343 -1.209821
v 0.668806 3.458904 -0.013561
v 0.207873 3.433946 -1.635267
v -0.367958 3.351602 -1.050370
v -0.210241 3.133979 -0.246391
v -0.359185 3.249343 -1.209821
v 0.000584 3.276929 -1.641856
v 1.875422 3.273306 -0.084246
v 0.668806 3.458904 -0.013561
v 1.875422 3.273306 -0.084246
v 1.912521 3.124866 -0.089880
v 1.300813 3.329146 -1.215777
v 0.729929 2.973614 -0.306612
v 0.000584 3.276929 -1.641856
v 0.000584 3.276929 -1.641856
v -0.367958 3.351602 -1.050370
v 0.207873 3.433946 -1.635267
v -1.315547 3.246626 0.857590
v -1.862734 3.360476 -0.063532
v -1.456250 3.095996 -0.068308
v -1.862734 3.360476 -0.063532
v -1.453795 3.399972 -1.093323
v 0.668806 3.458904 -0.013561
v 0.680575 3.518219 -0.757796
v 0.207873 3.433946 -1.635267
v -1.315547 3.246626 0.857590
v -1.047295 3.538190 0.529235
v -0.265571 2.953346 0.695504
v -0.113013 3.073501 0.342992
v -0.935124 3.096404 0.016919
v -0.210241 3.133979 -0.246391
v 0.680575 3.518219 -0.757796
v 1.300813 3.329146 -1.215777
v 0.207873 3.433946 -1.635267
v 0.058916 3.473029 0.668767
v 1.008342 3.365933 0.829979
v 0.668806 3.458904 -0.013561
v -0.265571 2.953346 0.695504
v -0.935124 3.096404 0.016919
v -0.113013 3.073501 0.342992
v 1.148942 3.054645 -0.578647
v 1.912521 3.124866 -0.089880
v -0.265571 2.953346 0.695504
v 0.140840 3.132383 1.008808
v -0.886013 3.684232 -0.296171
v -1.862734 3.360476 -0.063532
v -1.453795 3.399972 -1.093323
v -0.577558 3.415842 -0.456323
v -0.988356 3.442937 -1.425894
v -0.886013 3.684232 -0.296171
v 0.058916 3.473029 0.668767
v -0.577558 3.415842 -0.456323
v -0.961332 3.129274 -0.759043
v -1.456250 3.095996 -0.068308
v -1.453795 3.399972 -1.093323
v -0.935124 3.096404 0.016919
v -1.456250 3.095996 -0.068308
v -0.961332 3.129274 -0.759043
v 0.140840 3.132383 1.008808
v 0.292286 2.970362 0.116047
v 0.729929 2.973614 -0.306612
v 0.140840 3.132383 1.008808
v -0.113013 3.073501 0.342992
v 0.292286 2.970362 0.116047
v 0.729929 2.973614 -0.306612
v -0.210241 3.133979 -0.246391
v 0.000584 3.276929 -1.641856
v -0.866158 3.115182 1.262381
v 0.140840 3.132383 1.008808
v 1.533388 3.014804 1.101582
v 0.779543 2.916336 1.169207
v 1.912521 3.124866 -0.089880
v 1.008342 3.365933 0.829979
v 0.779543 2.916336 1.169207
v 1.533388 3.014804 1.101582
v 0.144222 3.225893 1.650250
v -0.886013 3.684232 -0.296171
v -0.913998 3.538589 0.046807
v 0.779543 2.916336 1.169207
v 0.140840 3.132383 1.008808
v 0.729929 2.973614 -0.306612
v 0.144222 3.225893 1.650250
v 0.073382 3.108733 1.535708
v 0.779543 2.916336 1.169207
v 1.008342 3.365933 0.829979
v 0.144222 3.225893 1.650250
v 0.779543 2.916336 1.169207
v -0.577558 3.415842 -0.456323
v -0.367958 3.351602 -1.050370
v -0.988356 3.442937 -1.425894
v 0.668806 3.458904 -0.013561
v 1.875422 3.273306 -0.084246
v 0.680575 3.518219 -0.757796
v -1.047295 3.538190 0.529235
v 0.144222 3.225893 1.650250
v -0.913998 3.538589 0.046807
v -0.577558 3.415842 -0.456323
v 0.668806 3.458904 -0.013561
v -0.367958 3.351602 -1.050370
v -0.210241 3.133979 -0.246391
v -0.961332 3.129274 -0.759043
v -0.359185 3.249343 -1.209821
v 0.073382 3.108733 1.535708
v 0.144222 3.225893 1.650250
v -0.866158 3.115182 1.262381
v -0.359185 3.249343 -1.209821
v -0.988356 3.442937 -1.425894
v -0.367958 3.351602 -1.050370
v 0.144222 3.225893 1.650250
v 1.008342 3.365933 0.829979
v 0.058916 3.473029 0.668767
v 0.144222 3.225893 1.650250
v -1.315547 3.246626 0.857590
v -0.866158 3.115182 1.262381
v -1.456250 3.095996 -0.068308
v -1.315547 3.246626 0.857590
v -1.862734 3.360476 -0.063532
v 0.779543 2.916336 1.169207
v 0.729929 2.973614 -0.306612
v 1.148942 3.054645 -0.578647
v 0.144222 3.225893 1.650250
v 0.058916 3.473029 0.668767
v -0.886013 3.684232 -0.296171
v 1.912521 3.124866 -0.089880
v 1.148942 3.054645 -0.578647
v 1.300813 3.329146 -1.215777
v 0.073382 3.108733 1.535708
v 0.140840 3.132383 1.008808
v 0.779543 2.916336 1.169207
v -0.866158 3.115182 1.262381
v -1.315547 3.246626 0.857590
v -0.265571 2.953346 0.695504
v 1.148942 3.054645 -0.578647
v 0.000584 3.276929 -1.641856
v 1.300813 3.329146 -1.215777
v 0.292286 2.970362 0.116047
v -0.113013 3.073501 0.342992
v -0.210241 3.133979 -0.246391
v 1.533388 3.014804 1.101582
v 1.875422 3.273306 -0.084246
v 1.008342 3.365933 0.829979
v -1.047295 3.538190 0.529235
v -0.913998 3.538589 0.046807
v -1.862734 3.360476 -0.063532
v -0.546598 5.646496 0.411712
v -0.221616 5.588854 0.564151
v 0.023411 5.625382 0.419196
v 0.263686 5.673654 0.411248
v 0.281928 5.728493 -0.078465
v 0.599704 5.698045 0.160074
v 0.263686 5.673654 0.411248
v 0.281928 5.728493 -0.078465
v 0.614103 5.675956 -0.322719
v 0.599704 5.698045 0.160074
v 0.541048 5.581717 0.130695
v 0.614103 5.675956 -0.322719
v 0.348833 5.718483 -0.432345
v 0.301038 5.487724 -0.459486
v 0.301038 5.487724 -0.459486
v 0.348833 5.718483 -0.432345
v 0.618118 5.602455 -0.325078
v 0.193340 5.692104 -0.589180
v -0.356924 5.716782 -0.420678
v -0.338404 5.602719 -0.417200
v -0.535900 5.606464 0.134890
v -0.261412 5.732377 -0.093580
v -0.261412 5.732377 -0.093580
v -0.505502 5.615811 -0.152715
v -0.715705 5.598396 -0.017733
v -0.261412 5.732377 -0.093580
v -0.535900 5.606464 0.134890
v 0.023411 5.625382 0.419196
v -0.143046 5.689521 0.198358
v -0.546598 5.646496 0.411712
v -0.261412 5.732377 -0.093580
v 0.081971 5.640967 -0.274263
v -0.356924 5.716782 -0.420678
v -0.261412 5.732377 -0.093580
v -0.356924 5.716782 -0.420678
v -0.505502 5.615811 -0.152715
v -0.009593 5.548265 0.090291
v 0.541048 5.581717 0.130695
v 0.311624 5.495232 -0.042086
v 0.618118 5.602455 -0.325078
v 0.263686 5.673654 0.411248
v -0.143046 5.689521 0.198358
v 0.023411 5.625382 0.419196
v 0.081971 5.640967 -0.274263
v 0.193340 5.692104 -0.589180
v -0.356924 5.716782 -0.420678
v 0.281928 5.728493 -0.078465
v 0.081971 5.640967 -0.274263
v -0.261412 5.732377 -0.093580
v 0.301038 5.487724 -0.459486
v -0.243215 5.461107 -0.065217
v -0.338404 5.602719 -0.417200
v 0.263686 5.673654 0.411248
v 0.281928 5.728493 -0.078465
v -0.143046 5.689521 0.198358
v 0.193340 5.692104 -0.589180
v 0.301038 5.487724 -0.459486
v 0.614103 5.675956 -0.322719
v 0.348833 5.718483 -0.432345
v 0.081971 5.640967 -0.274263
v 0.599704 5.698045 0.160074
v 0.614103 5.675956 -0.322719
v 0.281928 5.728493 -0.078465
v 0.541048 5.581717 0.130695
v 0.171591 5.519949 0.462112
v 0.311624 5.495232 -0.042086
v 0.301038 5.487724 -0.459486
v -0.338404 5.602719 -0.417200
v 0.191942 5.634960 -0.625392
v -0.338404 5.602719 -0.417200
v 0.193340 5.692104 -0.589180
v 0.191942 5.634960 -0.625392
v -0.143046 5.689521 0.198358
v 0.281928 5.728493 -0.078465
v -0.065820 5.733729 0.010352
v 0.618118 5.602455 -0.325078
v 0.311624 5.495232 -0.042086
v 0.301038 5.487724 -0.459486
v -0.221616 5.588854 0.564151
v 0.023411 5.625382 0.419196
v -0.546598 5.646496 0.411712
v -0.009593 5.548265 0.090291
v -0.243215 5.461107 -0.065217
v 0.301038 5.487724 -0.459486
v -0.243215 5.461107 -0.065217
v -0.577602 5.492134 0.155461
v -0.505502 5.615811 -0.152715
v 0.171591 5.519949 0.462112
v -0.009593 5.548265 0.090291
v 0.311624 5.495232 -0.042086
v -0.243215 5.461107 -0.065217
v -0.505502 5.615811 -0.152715
v -0.338404 5.602719 -0.417200
v 0.081971 5.640967 -0.274263
v 0.348833 5.718483 -0.432345
v 0.193340 5.692104 -0.589180
v 0.171591 5.519949 0.462112
v -0.146957 5.552172 0.619501
v -0.174926 5.543279 0.287629
v 0.171591 5.519949 0.462112
v -0.174926 5.543279 0.287629
v -0.009593 5.548265 0.090291
v -0.577602 5.492134 0.155461
v -0.715705 5.598396 -0.017733
v -0.505502 5.615811 -0.152715
v -0.534419 5.530649 0.403720
v -0.577602 5.492134 0.155461
v -0.243215 5.461107 -0.065217
v -0.146957 5.552172 0.619501
v -0.534419 5.530649 0.403720
v -0.174926 5.543279 0.287629
v -0.174926 5.543279 0.287629
v -0.534419 5.530649 0.403720
v -0.243215 5.461107 -0.065217
v -0.577602 5.492134 0.155461
v -0.535900 5.606464 0.134890
v -0.715705 5.598396 -0.017733
v -0.534419 5.530649 0.403720
v -0.546598 5.646496 0.411712
v -0.577602 5.492134 0.155461
v -0.146957 5.552172 0.619501
v -0.221616 5.588854 0.564151
v -0.534419 5.530649 0.403720
v 0.618118 5.602455 -0.325078
v 0.614103 5.675956 -0.322719
v 0.541048 5.581717 0.130695
v 0.171591 5.519949 0.462112
v 0.023411 5.625382 0.419196
v -0.146957 5.552172 0.619501
v -0.546598 5.646496 0.411712
v -0.143046 5.689521 0.198358
v -0.535900 5.606464 0.134890
v 0.541048 5.581717 0.130695
v 0.263686 5.673654 0.411248
v 0.171591 5.519949 0.462112
v -0.143046 5.689521 0.198358
v -0.065820 5.733729 0.010352
v -0.261412 5.732377 -0.093580
vt 0.4554 0.0000
vt 1.0000 0.0000
vt 1.0000 0.1337
vt 1.0000 1.0000
vt 0.0000 1.0000
vt 0.0000 0.6788
vt 1.0000 0.6788
vt 1.0000 1.0000
vt 0.5446 1.0000
vt 1.0000 1.0000
vt 0.0000 1.0000
vt 0.0000 0.6788
vt 1.0000 0.0000
vt 1.0000 1.0000
vt 0.4554 1.0000
vt 0.0000 0.1337
vt 0.0000 0.0000
vt 0.4554 0.0000
vt 0.0000 0.1337
vt 0.0000 0.0000
vt 0.5446 0.0000
vt 0.0000 1.0000
vt 0.0000 0.0000
vt 0.4554 0.0000
vt 1.0000 0.6788
vt 0.4554 0.6788
vt 0.4554 0.4124
vt 0.0000 0.0000
vt 1.0000 0.0000
vt 1.0000 0.1337
vt 0.5446 0.1337
vt 1.0000 0.1337
vt 1.0000 0.4124
vt 0.0000 0.1337
vt 1.0000 0.1337
vt 1.0000 0.4124
vt 0.4554 0.6788
vt 0.0000 0.6788
vt 0.0000 0.4124
vt 0.5446 0.6788
vt 0.0000 0.6788
vt 0.0000 0.4124
vt 0.0000 0.4124
vt 1.0000 0.4124
vt 1.0000 0.6788
vt 0.5446 0.4124
vt 1.0000 0.4124
vt 1.0000 0.6788
vt 0.0000 0.4124
vt 1.0000 0.4124
vt 1.0000 0.6788
vt 1.0000 1.0000
vt 0.4554 1.0000
vt 0.4554 0.6788
vt 0.4554 1.0000
vt 0.0000 1.0000
vt 0.0000 0.6788
vt 0.5446 1.0000
vt 0.0000 1.0000
vt 0.0000 0.6788
vt 1.0000 0.4124
vt 0.4554 0.4124
vt 0.4554 0.1337
vt 0.4554 0.4124
vt 0.0000 0.4124
vt 0.0000 0.1337
vt 0.5446 0.4124
vt 0.0000 0.4124
vt 0.0000 0.1337
vt 1.0000 0.4124
vt 0.0000 0.4124
vt 0.0000 0.1337
vt 0.5446 0.0000
vt 1.0000 0.0000
vt 1.0000 0.1337
vt 0.0000 0.0000
vt 1.0000 0.0000
vt 1.0000 0.1337
vt 0.4554 0.1337
vt 0.4554 0.0000
vt 1.0000 0.1337
vt 1.0000 0.6788
vt 1.0000 1.0000
vt 0.0000 0.6788
vt 0.5446 0.6788
vt 1.0000 0.6788
vt 0.5446 1.0000
vt 1.0000 0.6788
vt 1.0000 1.0000
vt 0.0000 0.6788
vt 0.4554 0.0000
vt 1.0000 0.0000
vt 0.4554 1.0000
vt 0.4554 0.1337
vt 0.0000 0.1337
vt 0.4554 0.0000
vt 0.5446 0.1337
vt 0.0000 0.1337
vt 0.5446 0.0000
vt 1.0000 0.4124
vt 1.0000 0.6788
vt 0.4554 0.4124
vt 0.0000 0.1337
vt 0.0000 0.0000
vt 1.0000 0.1337
vt 0.5446 0.4124
vt 0.5446 0.1337
vt 1.0000 0.4124
vt 0.0000 0.4124
vt 0.0000 0.1337
vt 1.0000 0.4124
vt 0.4554 0.4124
vt 0.4554 0.6788
vt 0.0000 0.4124
vt 0.5446 0.4124
vt 0.5446 0.6788
vt 0.0000 0.4124
vt 0.3333 1.0000
vt 0.0000 1.0000
vt 0.0000 0.0000
vt 0.6667 1.0000
vt 0.3333 1.0000
vt 0.3333 0.0000
vt 1.0000 1.0000
vt 0.6667 1.0000
vt 0.6667 0.0000
vt 0.3333 1.0000
vt 0.0000 1.0000
vt 0.0000 0.0000
vt 0.6667 1.0000
vt 0.3333 1.0000
vt 0.3333 0.0000
vt 1.0000 1.0000
vt 0.6667 1.0000
vt 0.6667 0.0000
vt 0.3333 1.0000
vt 0.0000 1.0000
vt 0.0000 0.0000
vt 0.6667 1.0000
vt 0.3333 1.0000
vt 0.3333 0.0000
vt 1.0000 1.0000
vt 0.6667 1.0000
vt 0.6667 0.0000
vt 0.3333 1.0000
vt 0.0000 1.0000
vt 0.0000 0.0000
vt 0.6667 1.0000
vt 0.3333 1.0000
vt 0.3333 0.0000
vt 1.0000 1.0000
vt 0.6667 1.0000
vt 0.6667 0.0000
vt 0.3333 0.3333
vt 0.0000 0.3333
vt 0.0000 0.0000
vt 0.6667 0.3333
vt 0.3333 0.3333
vt 0.3333 0.0000
vt 1.0000 0.3333
vt 0.6667 0.3333
vt 0.6667 0.0000
vt 0.3333 0.6667
vt 0.0000 0.6667
vt 0.0000 0.3333
vt 0.6667 0.6667
vt 0.3333 0.6667
vt 0.3333 0.3333
vt 1.0000 0.6667
vt 0.6667 0.6667
vt 0.6667 0.3333
vt 0.3333 1.0000
vt 0.0000 1.0000
vt 0.0000 0.6667
vt 0.6667 1.0000
vt 0.3333 1.0000
vt 0.3333 0.6667
vt 1.0000 1.0000
vt 0.6667 1.0000
vt 0.6667 0.6667
vt 0.3333 0.3333
vt 0.0000 0.3333
vt 0.0000 0.0000
vt 0.6667 0.3333
vt 0.3333 0.3333
vt 0.3333 0.0000
vt 1.0000 0.3333
vt 0.6667 0.3333
vt 0.6667 0.0000
vt 0.3333 0.6667
vt 0.0000 0.6667
vt 0.0000 0.3333
vt 0.6667 0.6667
vt 0.3333 0.6667
vt 0.3333 0.3333
vt 1.0000 0.6667
vt 0.6667 0.6667
vt 0.6667 0.3333
vt 0.3333 1.0000
vt 0.0000 1.0000
vt 0.0000 0.6667
vt 0.6667 1.0000
vt 0.3333 1.0000
vt 0.3333 0.6667
vt 1.0000 1.0000
vt 0.6667 1.0000
vt 0.6667 0.6667
vt 0.3333 0.0000
vt 0.3333 1.0000
vt 0.0000 0.0000
vt 0.6667 0.0000
vt 0.6667 1.0000
vt 0.3333 0.0000
vt 1.0000 0.0000
vt 1.0000 1.0000
vt 0.6667 0.0000
vt 0.3333 0.0000
vt 0.3333 1.0000
vt 0.0000 0.0000
vt 0.6667 0.0000
vt 0.6667 1.0000
vt 0.3333 0.0000
vt 1.0000 0.0000
vt 1.0000 1.0000
vt 0.6667 0.0000
vt 0.3333 0.0000
vt 0.3333 1.0000
vt 0.0000 0.0000
vt 0.6667 0.0000
vt 0.6667 1.0000
vt 0.3333 0.0000
vt 1.0000 0.0000
vt 1.0000 1.0000
vt 0.6667 0.0000
vt 0.3333 0.0000
vt 0.3333 1.0000
vt 0.0000 0.0000
vt 0.6667 0.0000
vt 0.6667 1.0000
vt 0.3333 0.0000
vt 1.0000 0.0000
vt 1.0000 1.0000
vt 0.6667 0.0000
vt 0.3333 0.0000
vt 0.3333 0.3333
vt 0.0000 0.0000
vt 0.6667 0.0000
vt 0.6667 0.3333
vt 0.3333 0.0000
vt 0.3333 1.0000
vt 0.0000 1.0000
vt 0.0000 0.0000
vt 0.6667 1.0000
vt 0.3333 1.0000
vt 0.3333 0.0000
vt 1.0000 1.0000
vt 0.6667 1.0000
vt 0.6667 0.0000
vt 0.3333 1.0000
vt 0.0000 1.0000
vt 0.0000 0.0000
vt 0.6667 1.0000
vt 0.3333 1.0000
vt 0.3333 0.0000
vt 1.0000 1.0000
vt 0.6667 1.0000
vt 0.6667 0.0000
vt 0.3333 1.0000
vt 0.0000 1.0000
vt 0.0000 0.0000
vt 0.6667 1.0000
vt 0.3333 1.0000
vt 0.3333 0.0000
vt 1.0000 1.0000
vt 0.6667 1.0000
vt 0.6667 0.0000
vt 0.3333 1.0000
vt 0.0000 1.0000
vt 0.0000 0.0000
vt 0.6667 1.0000
vt 0.3333 1.0000
vt 0.3333 0.0000
vt 1.0000 1.0000
vt 0.6667 1.0000
vt 0.6667 0.0000
vt 0.3333 0.3333
vt 0.0000 0.3333
vt 0.0000 0.0000
vt 0.6667 0.3333
vt 0.3333 0.3333
vt 0.3333 0.0000
vt 1.0000 0.3333
vt 0.6667 0.3333
vt 0.6667 0.0000
vt 0.3333 0.6667
vt 0.0000 0.6667
vt 0.0000 0.3333
vt 0.6667 0.6667
vt 0.3333 0.6667
vt 0.3333 0.3333
vt 1.0000 0.6667
vt 0.6667 0.6667
vt 0.6667 0.3333
vt 0.3333 1.0000
vt 0.0000 1.0000
vt 0.0000 0.6667
vt 0.6667 1.0000
vt 0.3333 1.0000
vt 0.3333 0.6667
vt 1.0000 1.0000
vt 0.6667 1.0000
vt 0.6667 0.6667
vt 0.3333 0.3333
vt 0.0000 0.3333
vt 0.0000 0.0000
vt 0.6667 0.3333
vt 0.3333 0.3333
vt 0.3333 0.0000
vt 1.0000 0.3333
vt 0.6667 0.3333
vt 0.6667 0.0000
vt 0.3333 0.6667
vt 0.0000 0.6667
vt 0.0000 0.3333
vt 0.6667 0.6667
vt 0.3333 0.6667
vt 0.3333 0.3333
vt 1.0000 0.6667
vt 0.6667 0.6667
vt 0.6667 0.3333
vt 0.3333 1.0000
vt 0.0000 1.0000
vt 0.0000 0.6667
vt 0.6667 1.0000
vt 0.3333 1.0000
vt 0.3333 0.6667
vt 1.0000 1.0000
vt 0.6667 1.0000
vt 0.6667 0.6667
vt 0.3333 0.0000
vt 0.3333 1.0000
vt 0.0000 0.0000
vt 0.6667 0.0000
vt 0.6667 1.0000
vt 0.3333 0.0000
vt 1.0000 0.0000
vt 1.0000 1.0000
vt 0.6667 0.0000
vt 0.3333 0.0000
vt 0.3333 1.0000
vt 0.0000 0.0000
vt 0.6667 0.0000
vt 0.6667 1.0000
vt 0.3333 0.0000
vt 1.0000 0.0000
vt 1.0000 1.0000
vt 0.6667 0.0000
vt 0.3333 0.0000
vt 0.3333 1.0000
vt 0.0000 0.0000
vt 0.6667 0.0000
vt 0.6667 1.0000
vt 0.3333 0.0000
vt 1.0000 0.0000
vt 1.0000 1.0000
vt 0.6667 0.0000
vt 0.3333 0.0000
vt 0.3333 1.0000
vt 0.0000 0.0000
vt 0.6667 0.0000
vt 0.6667 1.0000
vt 0.3333 0.0000
vt 1.0000 0.0000
vt 1.0000 1.0000
vt 0.6667 0.0000
vt 0.3333 0.0000
vt 0.3333 0.3333
vt 0.0000 0.0000
vt 0.6667 0.0000
vt 0.6667 0.3333
vt 0.3333 0.0000
vt 0.3333 0.5000
vt 0.0000 0.5000
vt 0.0000 0.0000
vt 0.4890 0.0000
vt 0.6667 0.5000
vt 0.4890 0.5000
vt 1.0000 0.5000
vt 0.6667 0.5000
vt 0.6667 0.0000
vt 0.3333 1.0000
vt 0.0000 1.0000
vt 0.0000 0.5000
vt 0.4890 1.0000
vt 0.3333 1.0000
vt 0.3333 0.5000
vt 1.0000 1.0000
vt 0.6667 1.0000
vt 0.6667 0.5000
vt 0.2500 0.5000
vt 0.0000 0.5000
vt 0.0000 0.0000
vt 0.5000 0.5000
vt 0.2500 0.5000
vt 0.2500 0.0000
vt 0.7500 0.5000
vt 0.5000 0.5000
vt 0.5000 0.0000
vt 1.0000 0.5000
vt 0.7500 0.5000
vt 0.7500 0.0000
vt 0.2500 1.0000
vt 0.0000 1.0000
vt 0.0000 0.5000
vt 0.5000 1.0000
vt 0.2500 1.0000
vt 0.2500 0.5000
vt 0.7500 1.0000
vt 0.5000 1.0000
vt 0.5000 0.5000
vt 1.0000 1.0000
vt 0.7500 1.0000
vt 0.7500 0.5000
vt 0.3333 0.5000
vt 0.0000 0.5000
vt 0.0000 0.0000
vt 0.5110 0.5000
vt 0.3333 0.5000
vt 0.3333 0.0000
vt 1.0000 0.5000
vt 0.6667 0.5000
vt 0.6667 0.0000
vt 0.3333 1.0000
vt 0.0000 1.0000
vt 0.0000 0.5000
vt 0.6667 0.5000
vt 0.6667 1.0000
vt 0.5110 1.0000
vt 1.0000 1.0000
vt 0.6667 1.0000
vt 0.6667 0.5000
vt 0.2500 0.5000
vt 0.0000 0.5000
vt 0.0000 0.0000
vt 0.5000 0.5000
vt 0.2500 0.5000
vt 0.2500 0.0000
vt 0.7500 0.5000
vt 0.5000 0.5000
vt 0.5000 0.0000
vt 1.0000 0.5000
vt 0.7500 0.5000
vt 0.7500 0.0000
vt 0.2500 1.0000
vt 0.0000 1.0000
vt 0.0000 0.5000
vt 0.5000 1.0000
vt 0.2500 1.0000
vt 0.2500 0.5000
vt 0.7500 1.0000
vt 0.5000 1.0000
vt 0.5000 0.5000
vt 1.0000 1.0000
vt 0.7500 1.0000
vt 0.7500 0.5000
vt 0.3333 0.2500
vt 0.0000 0.2500
vt 0.0000 0.0000
vt 0.6667 0.0000
vt 0.6667 0.2500
vt 0.4890 0.2500
vt 1.0000 0.2500
vt 0.6667 0.2500
vt 0.6667 0.0000
vt 0.3333 0.5000
vt 0.0000 0.5000
vt 0.0000 0.2500
vt 0.6667 0.2500
vt 0.6667 0.5000
vt 0.4890 0.5000
vt 1.0000 0.5000
vt 0.6667 0.5000
vt 0.6667 0.2500
vt 0.3333 0.7500
vt 0.0000 0.7500
vt 0.0000 0.5000
vt 0.6667 0.5000
vt 0.6667 0.7500
vt 0.4890 0.7500
vt 1.0000 0.7500
vt 0.6667 0.7500
vt 0.6667 0.5000
vt 0.3333 1.0000
vt 0.0000 1.0000
vt 0.0000 0.7500
vt 0.6667 0.7500
vt 0.6667 1.0000
vt 0.4890 1.0000
vt 1.0000 1.0000
vt 0.6667 1.0000
vt 0.6667 0.7500
vt 0.3333 0.2500
vt 0.0000 0.2500
vt 0.0000 0.0000
vt 0.6667 0.0000
vt 0.6667 0.2500
vt 0.4890 0.2500
vt 1.0000 0.2500
vt 0.6667 0.2500
vt 0.6667 0.0000
vt 0.3333 0.5000
vt 0.0000 0.5000
vt 0.0000 0.2500
vt 0.4890 0.5000
vt 0.3333 0.5000
vt 0.3333 0.2500
vt 1.0000 0.5000
vt 0.6667 0.5000
vt 0.6667 0.2500
vt 0.3333 0.7500
vt 0.0000 0.7500
vt 0.0000 0.5000
vt 0.6667 0.5000
vt 0.6667 0.7500
vt 0.4890 0.7500
vt 1.0000 0.7500
vt 0.6667 0.7500
vt 0.6667 0.5000
vt 0.3333 1.0000
vt 0.0000 1.0000
vt 0.0000 0.7500
vt 0.4890 1.0000
vt 0.3333 1.0000
vt 0.3333 0.7500
vt 1.0000 1.0000
vt 0.6667 1.0000
vt 0.6667 0.7500
vt 0.3333 0.5000
vt 0.3333 0.0000
vt 0.4890 0.0000
vt 0.6667 0.5000
vt 0.6667 1.0000
vt 0.4890 1.0000
vt 0.6667 0.0000
vt 0.6667 0.5000
vt 0.5110 0.5000
vt 0.3333 1.0000
vt 0.3333 0.5000
vt 0.5110 0.5000
vt 0.3333 0.2500
vt 0.3333 0.0000
vt 0.4890 0.0000
vt 0.3333 0.5000
vt 0.3333 0.2500
vt 0.4890 0.2500
vt 0.3333 0.7500
vt 0.3333 0.5000
vt 0.4890 0.5000
vt 0.3333 1.0000
vt 0.3333 0.7500
vt 0.4890 0.7500
vt 0.3333 0.2500
vt 0.3333 0.0000
vt 0.4890 0.0000
vt 0.6667 0.2500
vt 0.6667 0.5000
vt 0.4890 0.5000
vt 0.3333 0.7500
vt 0.3333 0.5000
vt 0.4890 0.5000
vt 0.6667 0.7500
vt 0.6667 1.0000
vt 0.4890 1.0000
vt 0.3333 0.0000
vt 0.3333 0.5000
vt 0.0000 0.0000
vt 0.4890 0.0000
vt 0.6667 0.0000
vt 0.6667 0.5000
vt 1.0000 0.0000
vt 1.0000 0.5000
vt 0.6667 0.0000
vt 0.3333 0.5000
vt 0.3333 1.0000
vt 0.0000 0.5000
vt 0.4890 0.5000
vt 0.4890 1.0000
vt 0.3333 0.5000
vt 1.0000 0.5000
vt 1.0000 1.0000
vt 0.6667 0.5000
vt 0.2500 0.0000
vt 0.2500 0.5000
vt 0.0000 0.0000
vt 0.5000 0.0000
vt 0.5000 0.5000
vt 0.2500 0.0000
vt 0.7500 0.0000
vt 0.7500 0.5000
vt 0.5000 0.0000
vt 1.0000 0.0000
vt 1.0000 0.5000
vt 0.7500 0.0000
vt 0.2500 0.5000
vt 0.2500 1.0000
vt 0.0000 0.5000
vt 0.5000 0.5000
vt 0.5000 1.0000
vt 0.2500 0.5000
vt 0.3333 0.5000
vt 0.0000 0.5000
vt 0.0000 0.0000
vt 0.6667 0.0000
vt 0.6667 0.5000
vt 0.4866 0.5000
vt 1.0000 0.5000
vt 0.6667 0.5000
vt 0.6667 0.0000
vt 0.3333 1.0000
vt 0.0000 1.0000
vt 0.0000 0.5000
vt 0.4866 1.0000
vt 0.3333 1.0000
vt 0.3333 0.5000
vt 1.0000 1.0000
vt 0.6667 1.0000
vt 0.6667 0.5000
vt 0.3333 0.5000
vt 0.0000 0.5000
vt 0.0000 0.0000
vt 0.6667 0.5000
vt 0.3333 0.5000
vt 0.3333 0.0000
vt 1.0000 0.5000
vt 0.6667 0.5000
vt 0.6667 0.0000
vt 0.3333 1.0000
vt 0.0000 1.0000
vt 0.0000 0.5000
vt 0.6667 1.0000
vt 0.3333 1.0000
vt 0.3333 0.5000
vt 1.0000 1.0000
vt 0.6667 1.0000
vt 0.6667 0.5000
vt 0.3333 0.5000
vt 0.0000 0.5000
vt 0.0000 0.0000
vt 0.5134 0.0000
vt 0.3333 0.5000
vt 0.3333 0.0000
vt 1.0000 0.5000
vt 0.6667 0.5000
vt 0.6667 0.0000
vt 0.3333 1.0000
vt 0.0000 1.0000
vt 0.0000 0.5000
vt 0.6667 0.5000
vt 0.6667 1.0000
vt 0.5134 1.0000
vt 1.0000 1.0000
vt 0.6667 1.0000
vt 0.6667 0.5000
vt 0.3333 0.5000
vt 0.0000 0.5000
vt 0.0000 0.0000
vt 0.6667 0.5000
vt 0.3333 0.5000
vt 0.3333 0.0000
vt 1.0000 0.5000
vt 0.6667 0.5000
vt 0.6667 0.0000
vt 0.3333 1.0000
vt 0.0000 1.0000
vt 0.0000 0.5000
vt 0.6667 1.0000
vt 0.3333 1.0000
vt 0.3333 0.5000
vt 1.0000 1.0000
vt 0.6667 1.0000
vt 0.6667 0.5000
vt 0.3333 0.3333
vt 0.0000 0.3333
vt 0.0000 0.0000
vt 0.6667 0.0000
vt 0.6667 0.3333
vt 0.4866 0.3333
vt 1.0000 0.3333
vt 0.6667 0.3333
vt 0.6667 0.0000
vt 0.3333 0.6667
vt 0.0000 0.6667
vt 0.0000 0.3333
vt 0.6667 0.3333
vt 0.6667 0.6667
vt 0.4866 0.6667
vt 1.0000 0.6667
vt 0.6667 0.6667
vt 0.6667 0.3333
vt 0.3333 1.0000
vt 0.0000 1.0000
vt 0.0000 0.6667
vt 0.4866 1.0000
vt 0.3333 1.0000
vt 0.3333 0.6667
vt 1.0000 1.0000
vt 0.6667 1.0000
vt 0.6667 0.6667
vt 0.3333 0.3333
vt 0.0000 0.3333
vt 0.0000 0.0000
vt 0.4866 0.3333
vt 0.3333 0.3333
vt 0.3333 0.0000
vt 1.0000 0.3333
vt 0.6667 0.3333
vt 0.6667 0.0000
vt 0.3333 0.6667
vt 0.0000 0.6667
vt 0.0000 0.3333
vt 0.6667 0.3333
vt 0.6667 0.6667
vt 0.4866 0.6667
vt 1.0000 0.6667
vt 0.6667 0.6667
vt 0.6667 0.3333
vt 0.3333 1.0000
vt 0.0000 1.0000
vt 0.0000 0.6667
vt 0.4866 1.0000
vt 0.3333 1.0000
vt 0.3333 0.6667
vt 1.0000 1.0000
vt 0.6667 1.0000
vt 0.6667 0.6667
vt 0.3333 0.5000
vt 0.3333 0.0000
vt 0.4866 0.0000
vt 0.6667 0.5000
vt 0.6667 1.0000
vt 0.4866 1.0000
vt 0.6667 0.0000
vt 0.6667 0.5000
vt 0.5134 0.5000
vt 0.3333 1.0000
vt 0.3333 0.5000
vt 0.5134 0.5000
vt 0.3333 0.3333
vt 0.3333 0.0000
vt 0.4866 0.0000
vt 0.3333 0.6667
vt 0.3333 0.3333
vt 0.4866 0.3333
vt 0.6667 0.6667
vt 0.6667 1.0000
vt 0.4866 1.0000
vt 0.6667 0.0000
vt 0.6667 0.3333
vt 0.4866 0.3333
vt 0.3333 0.6667
vt 0.3333 0.3333
vt 0.4866 0.3333
vt 0.6667 0.6667
vt 0.6667 1.0000
vt 0.4866 1.0000
vt 0.3333 0.0000
vt 0.3333 0.5000
vt 0.0000 0.0000
vt 0.4866 0.0000
vt 0.6667 0.0000
vt 0.4866 0.5000
vt 1.0000 0.0000
vt 1.0000 0.5000
vt 0.6667 0.0000
vt 0.3333 0.5000
vt 0.3333 1.0000
vt 0.0000 0.5000
vt 0.4866 0.5000
vt 0.4866 1.0000
vt 0.3333 0.5000
vt 1.0000 0.5000
vt 1.0000 1.0000
vt 0.6667 0.5000
vt 0.3333 0.0000
vt 0.3333 0.5000
vt 0.0000 0.0000
vt 0.6667 0.0000
vt 0.6667 0.5000
vt 0.3333 0.0000
vt 1.0000 0.0000
vt 1.0000 0.5000
vt 0.6667 0.0000
vt 0.3333 0.5000
vt 0.3333 1.0000
vt 0.0000 0.5000
vt 0.3333 0.5000
vt 0.0000 0.5000
vt 0.0000 0.0000
vt 0.6667 0.0000
vt 0.6667 0.5000
vt 0.4866 0.5000
vt 1.0000 0.5000
vt 0.6667 0.5000
vt 0.6667 0.0000
vt 0.3333 1.0000
vt 0.0000 1.0000
vt 0.0000 0.5000
vt 0.4866 1.0000
vt 0.3333 1.0000
vt 0.3333 0.5000
vt 1.0000 1.0000
vt 0.6667 1.0000
vt 0.6667 0.5000
vt 0.3333 0.5000
vt 0.0000 0.5000
vt 0.0000 0.0000
vt 0.6667 0.5000
vt 0.3333 0.5000
vt 0.3333 0.0000
vt 1.0000 0.5000
vt 0.6667 0.5000
vt 0.6667 0.0000
vt 0.3333 1.0000
vt 0.0000 1.0000
vt 0.0000 0.5000
vt 0.6667 1.0000
vt 0.3333 1.0000
vt 0.3333 0.5000
vt 1.0000 1.0000
vt 0.6667 1.0000
vt 0.6667 0.5000
vt 0.3333 0.5000
vt 0.0000 0.5000
vt 0.0000 0.0000
vt 0.5134 0.5000
vt 0.3333 0.5000
vt 0.3333 0.0000
vt 1.0000 0.5000
vt 0.6667 0.5000
vt 0.6667 0.0000
vt 0.3333 1.0000
vt 0.0000 1.0000
vt 0.0000 0.5000
vt 0.6667 0.5000
vt 0.6667 1.0000
vt 0.5134 1.0000
vt 1.0000 1.0000
vt 0.6667 1.0000
vt 0.6667 0.5000
vt 0.3333 0.5000
vt 0.0000 0.5000
vt 0.0000 0.0000
vt 0.6667 0.5000
vt 0.3333 0.5000
vt 0.3333 0.0000
vt 1.0000 0.5000
vt 0.6667 0.5000
vt 0.6667 0.0000
vt 0.3333 1.0000
vt 0.0000 1.0000
vt 0.0000 0.5000
vt 0.6667 1.0000
vt 0.3333 1.0000
vt 0.3333 0.5000
vt 1.0000 1.0000
vt 0.6667 1.0000
vt 0.6667 0.5000
vt 0.3333 0.3333
vt 0.0000 0.3333
vt 0.0000 0.0000
vt 0.6667 0.0000
vt 0.6667 0.3333
vt 0.4866 0.3333
vt 1.0000 0.3333
vt 0.6667 0.3333
vt 0.6667 0.0000
vt 0.3333 0.6667
vt 0.0000 0.6667
vt 0.0000 0.3333
vt 0.6667 0.3333
vt 0.6667 0.6667
vt 0.4866 0.6667
vt 1.0000 0.6667
vt 0.6667 0.6667
vt 0.6667 0.3333
vt 0.3333 1.0000
vt 0.0000 1.0000
vt 0.0000 0.6667
vt 0.4866 1.0000
vt 0.3333 1.0000
vt 0.3333 0.6667
vt 1.0000 1.0000
vt 0.6667 1.0000
vt 0.6667 0.6667
vt 0.3333 0.3333
vt 0.0000 0.3333
vt 0.0000 0.0000
vt 0.4866 0.3333
vt 0.3333 0.3333
vt 0.3333 0.0000
vt 1.0000 0.3333
vt 0.6667 0.3333
vt 0.6667 0.0000
vt 0.3333 0.6667
vt 0.0000 0.6667
vt 0.0000 0.3333
vt 0.6667 0.3333
vt 0.6667 0.6667
vt 0.4866 0.6667
vt 1.0000 0.6667
vt 0.6667 0.6667
vt 0.6667 0.3333
vt 0.3333 1.0000
vt 0.0000 1.0000
vt 0.0000 0.6667
vt 0.4866 1.0000
vt 0.3333 1.0000
vt 0.3333 0.6667
vt 1.0000 1.0000
vt 0.6667 1.0000
vt 0.6667 0.6667
vt 0.3333 0.5000
vt 0.3333 0.0000
vt 0.4866 0.0000
vt 0.6667 0.5000
vt 0.6667 1.0000
vt 0.4866 1.0000
vt 0.6667 0.0000
vt 0.6667 0.5000
vt 0.5134 0.5000
vt 0.3333 1.0000
vt 0.3333 0.5000
vt 0.5134 0.5000
vt 0.3333 0.3333
vt 0.3333 0.0000
vt 0.4866 0.0000
vt 0.3333 0.6667
vt 0.3333 0.3333
vt 0.4866 0.3333
vt 0.6667 0.6667
vt 0.6667 1.0000
vt 0.4866 1.0000
vt 0.6667 0.0000
vt 0.6667 0.3333
vt 0.4866 0.3333
vt 0.3333 0.6667
vt 0.3333 0.3333
vt 0.4866 0.3333
vt 0.6667 0.6667
vt 0.6667 1.0000
vt 0.4866 1.0000
vt 0.3333 0.0000
vt 0.3333 0.5000
vt 0.0000 0.0000
vt 0.4866 0.0000
vt 0.6667 0.0000
vt 0.4866 0.5000
vt 1.0000 0.0000
vt 1.0000 0.5000
vt 0.6667 0.0000
vt 0.3333 0.5000
vt 0.3333 1.0000
vt 0.0000 0.5000
vt 0.4866 0.5000
vt 0.4866 1.0000
vt 0.3333 0.5000
vt 1.0000 0.5000
vt 1.0000 1.0000
vt 0.6667 0.5000
vt 0.3333 0.0000
vt 0.3333 0.5000
vt 0.0000 0.0000
vt 0.6667 0.0000
vt 0.6667 0.5000
vt 0.3333 0.0000
vt 1.0000 0.0000
vt 1.0000 0.5000
vt 0.6667 0.0000
vt 0.3333 0.5000
vt 0.3333 1.0000
vt 0.0000 0.5000
vt 0.2500 0.5000
vt 0.1250 0.0000
vt 0.2500 0.0000
vt 0.0000 0.5000
vt 0.0000 0.0000
vt 0.1250 0.0000
vt 0.2500 0.5000
vt 0.0000 0.5000
vt 0.1250 0.0000
vt 0.5000 0.5000
vt 0.3750 0.0000
vt 0.5000 0.0000
vt 0.2500 0.5000
vt 0.2500 0.0000
vt 0.3750 0.0000
vt 0.5000 0.5000
vt 0.2500 0.5000
vt 0.3750 0.0000
vt 0.7500 0.5000
vt 0.6250 0.0000
vt 0.7500 0.0000
vt 0.5000 0.5000
vt 0.5000 0.0000
vt 0.6250 0.0000
vt 0.7500 0.5000
vt 0.5000 0.5000
vt 0.6250 0.0000
vt 1.0000 0.5000
vt 0.8750 0.0000
vt 1.0000 0.0000
vt 0.7500 0.5000
vt 0.7500 0.0000
vt 0.8750 0.0000
vt 1.0000 0.5000
vt 0.7500 0.5000
vt 0.8750 0.0000
vt 0.0000 0.5000
vt 0.1250 1.0000
vt 0.0000 1.0000
vt 0.2500 0.5000
vt 0.2500 1.0000
vt 0.1250 1.0000
vt 0.0000 0.5000
vt 0.2500 0.5000
vt 0.1250 1.0000
vt 0.2500 0.5000
vt 0.3750 1.0000
vt 0.2500 1.0000
vt 0.5000 0.5000
vt 0.5000 1.0000
vt 0.3750 1.0000
vt 0.2500 0.5000
vt 0.5000 0.5000
vt 0.3750 1.0000
vt 0.5000 0.5000
vt 0.6250 1.0000
vt 0.5000 1.0000
vt 0.7500 0.5000
vt 0.7500 1.0000
vt 0.6250 1.0000
vt 0.5000 0.5000
vt 0.7500 0.5000
vt 0.6250 1.0000
vt 0.7500 0.5000
vt 0.8750 1.0000
vt 0.7500 1.0000
vt 1.0000 0.5000
vt 1.0000 1.0000
vt 0.8750 1.0000
vt 0.7500 0.5000
vt 1.0000 0.5000
vt 0.8750 1.0000
vt 0.2000 0.5000
vt 0.1000 0.0000
vt 0.2000 0.0000
vt 0.0000 0.5000
vt 0.0000 0.0000
vt 0.1000 0.0000
vt 0.2000 0.5000
vt 0.0000 0.5000
vt 0.1000 0.0000
vt 0.4000 0.5000
vt 0.3000 0.0000
vt 0.4000 0.0000
vt 0.2000 0.5000
vt 0.2000 0.0000
vt 0.3000 0.0000
vt 0.4000 0.5000
vt 0.2000 0.5000
vt 0.3000 0.0000
vt 0.6000 0.5000
vt 0.5000 0.0000
vt 0.6000 0.0000
vt 0.4000 0.5000
vt 0.4000 0.0000
vt 0.5000 0.0000
vt 0.6000 0.5000
vt 0.4000 0.5000
vt 0.5000 0.0000
vt 0.8000 0.5000
vt 0.7000 0.0000
vt 0.8000 0.0000
vt 0.6000 0.5000
vt 0.6000 0.0000
vt 0.7000 0.0000
vt 0.8000 0.5000
vt 0.6000 0.5000
vt 0.7000 0.0000
vt 1.0000 0.5000
vt 0.9000 0.0000
vt 1.0000 0.0000
vt 0.8000 0.5000
vt 0.8000 0.0000
vt 0.9000 0.0000
vt 1.0000 0.5000
vt 0.8000 0.5000
vt 0.9000 0.0000
vt 0.0000 0.5000
vt 0.1000 1.0000
vt 0.0000 1.0000
vt 0.2000 0.5000
vt 0.2000 1.0000
vt 0.1000 1.0000
vt 0.0000 0.5000
vt 0.2000 0.5000
vt 0.1000 1.0000
vt 0.2000 0.5000
vt 0.3000 1.0000
vt 0.2000 1.0000
vt 0.4000 0.5000
vt 0.4000 1.0000
vt 0.3000 1.0000
vt 0.2000 0.5000
vt 0.4000 0.5000
vt 0.3000 1.0000
vt 0.4000 0.5000
vt 0.5000 1.0000
vt 0.4000 1.0000
vt 0.6000 0.5000
vt 0.6000 1.0000
vt 0.5000 1.0000
vt 0.4000 0.5000
vt 0.6000 0.5000
vt 0.5000 1.0000
vt 0.6000 0.5000
vt 0.7000 1.0000
vt 0.6000 1.0000
vt 0.8000 0.5000
vt 0.8000 1.0000
vt 0.7000 1.0000
vt 0.6000 0.5000
vt 0.8000 0.5000
vt 0.7000 1.0000
vt 0.8000 0.5000
vt 0.9000 1.0000
vt 0.8000 1.0000
vt 1.0000 0.5000
vt 1.0000 1.0000
vt 0.9000 1.0000
vt 0.8000 0.5000
vt 1.0000 0.5000
vt 0.9000 1.0000
vt 0.2500 0.5000
vt 0.1250 0.0000
vt 0.2500 0.0000
vt 0.0000 0.5000
vt 0.0000 0.0000
vt 0.1250 0.0000
vt 0.2500 0.5000
vt 0.0000 0.5000
vt 0.1250 0.0000
vt 0.5000 0.5000
vt 0.3750 0.0000
vt 0.5000 0.0000
vt 0.2500 0.5000
vt 0.2500 0.0000
vt 0.3750 0.0000
vt 0.5000 0.5000
vt 0.2500 0.5000
vt 0.3750 0.0000
vt 0.7500 0.5000
vt 0.6250 0.0000
vt 0.7500 0.0000
vt 0.5000 0.5000
vt 0.5000 0.0000
vt 0.6250 0.0000
vt 0.7500 0.5000
vt 0.5000 0.5000
vt 0.6250 0.0000
vt 1.0000 0.5000
vt 0.8750 0.0000
vt 1.0000 0.0000
vt 0.2500 1.0000
vt 0.0000 1.0000
vt 0.0000 0.0000
vt 0.5000 1.0000
vt 0.2500 1.0000
vt 0.2500 0.0000
vt 0.7500 1.0000
vt 0.5000 1.0000
vt 0.5000 0.0000
vt 1.0000 1.0000
vt 0.7500 1.0000
vt 0.7500 0.0000
vt 0.2500 1.0000
vt 0.0000 1.0000
vt 0.0000 0.0000
vt 0.5000 1.0000
vt 0.2500 1.0000
vt 0.2500 0.0000
vt 0.7500 1.0000
vt 0.5000 1.0000
vt 0.5000 0.0000
vt 1.0000 1.0000
vt 0.7500 1.0000
vt 0.7500 0.0000
vt 0.2500 1.0000
vt 0.0000 1.0000
vt 0.0000 0.0000
vt 0.5000 1.0000
vt 0.2500 1.0000
vt 0.2500 0.0000
vt 0.7500 1.0000
vt 0.5000 1.0000
vt 0.5000 0.0000
vt 1.0000 1.0000
vt 0.7500 1.0000
vt 0.7500 0.0000
vt 0.2500 1.0000
vt 0.0000 1.0000
vt 0.0000 0.0000
vt 0.5000 1.0000
vt 0.2500 1.0000
vt 0.2500 0.0000
vt 0.7500 1.0000
vt 0.5000 1.0000
vt 0.5000 0.0000
vt 1.0000 1.0000
vt 0.7500 1.0000
vt 0.7500 0.0000
vt 0.2500 0.2500
vt 0.0000 0.2500
vt 0.0000 0.0000
vt 0.5000 0.2500
vt 0.2500 0.2500
vt 0.2500 0.0000
vt 0.7500 0.2500
vt 0.5000 0.2500
vt 0.5000 0.0000
vt 1.0000 0.2500
vt 0.7500 0.2500
vt 0.7500 0.0000
vt 0.2500 0.5000
vt 0.0000 0.5000
vt 0.0000 0.2500
vt 0.5000 0.5000
vt 0.2500 0.5000
vt 0.2500 0.2500
vt 0.7500 0.5000
vt 0.5000 0.5000
vt 0.5000 0.2500
vt 1.0000 0.5000
vt 0.7500 0.5000
vt 0.7500 0.2500
vt 0.2500 0.7500
vt 0.0000 0.7500
vt 0.0000 0.5000
vt 0.5000 0.7500
vt 0.2500 0.7500
vt 0.2500 0.5000
vt 0.7500 0.7500
vt 0.5000 0.7500
vt 0.5000 0.5000
vt 1.0000 0.7500
vt 0.7500 0.7500
vt 0.7500 0.5000
vt 0.2500 1.0000
vt 0.0000 1.0000
vt 0.0000 0.7500
vt 0.5000 1.0000
vt 0.2500 1.0000
vt 0.2500 0.7500
vt 0.7500 1.0000
vt 0.5000 1.0000
vt 0.5000 0.7500
vt 1.0000 1.0000
vt 0.7500 1.0000
vt 0.7500 0.7500
vt 0.2500 0.2500
vt 0.0000 0.2500
vt 0.0000 0.0000
vt 0.5000 0.2500
vt 0.2500 0.2500
vt 0.2500 0.0000
vt 0.7500 0.2500
vt 0.5000 0.2500
vt 0.5000 0.0000
vt 1.0000 0.2500
vt 0.7500 0.2500
vt 0.7500 0.0000
vt 0.2500 0.5000
vt 0.0000 0.5000
vt 0.0000 0.2500
vt 0.5000 0.5000
vt 0.2500 0.5000
vt 0.2500 0.2500
vt 0.7500 0.5000
vt 0.5000 0.5000
vt 0.5000 0.2500
vt 1.0000 0.5000
vt 0.7500 0.5000
vt 0.7500 0.2500
vt 0.2500 0.7500
vt 0.0000 0.7500
vt 0.0000 0.5000
vt 0.5000 0.7500
vt 0.2500 0.7500
vt 0.2500 0.5000
vt 0.7500 0.7500
vt 0.5000 0.7500
vt 0.5000 0.5000
vt 1.0000 0.7500
vt 0.7500 0.7500
vt 0.7500 0.5000
vt 0.2500 1.0000
vt 0.0000 1.0000
vt 0.0000 0.7500
vt 0.5000 1.0000
vt 0.2500 1.0000
vt 0.2500 0.7500
vt 0.7500 1.0000
vt 0.5000 1.0000
vt 0.5000 0.7500
vt 1.0000 1.0000
vt 0.7500 1.0000
vt 0.7500 0.7500
vt 0.2500 0.0000
vt 0.2500 1.0000
vt 0.0000 0.0000
vt 0.5000 0.0000
vt 0.5000 1.0000
vt 0.2500 0.0000
vt 0.7500 0.0000
vt 0.7500 1.0000
vt 0.5000 0.0000
vt 1.0000 0.0000
vt 1.0000 1.0000
vt 0.7500 0.0000
vt 0.2500 0.0000
vt 0.2500 1.0000
vt 0.0000 0.0000
vt 0.5000 0.0000
vt 0.5000 1.0000
vt 0.2500 0.0000
vt 0.7500 0.0000
vt 0.7500 1.0000
vt 0.5000 0.0000
vt 1.0000 0.0000
vt 1.0000 1.0000
vt 0.7500 0.0000
vn -0.0146 -0.0382 0.9992
vn -0.1077 0.0292 0.9938
vn 0.8308 -0.0081 -0.5565
vn 0.8418 0.0868 -0.5327
vn -0.8455 0.0515 -0.5315
vn -0.9206 0.0844 -0.3814
vn -0.7957 0.0678 0.6019
vn 0.0925 0.0683 -0.9934
vn -0.8612 -0.0649 0.5040
vn -0.8627 0.0441 0.5037
vn 0.8451 -0.0648 -0.5307
vn -0.1207 -0.0869 -0.9889
vn -0.8462 -0.0140 -0.5326
vn 0.8581 0.0488 0.5112
vn -0.0107 -0.0381 0.9992
vn 0.8525 0.1033 -0.5124
vn 0.0123 0.0704 -0.9974
vn 0.8902 0.0186 0.4552
vn -0.7809 0.0531 -0.6223
vn 0.8590 -0.0249 0.5114
vn 0.0128 0.0705 -0.9974
vn -0.8810 -0.0123 -0.4729
vn 0.8467 0.0314 0.5312
vn -0.0070 0.0811 0.9967
vn 0.9076 0.1266 -0.4002
vn 0.0368 0.0543 -0.9979
vn -0.8121 0.0647 0.5799
vn -0.0152 0.0215 0.9997
vn 0.8495 -0.0102 -0.5275
vn 0.0135 0.0104 -0.9999
vn 0.0227 0.0780 0.9967
vn -0.6996 0.0033 -0.7145
vn 0.7598 0.0790 0.6453
vn -0.8031 -0.0711 0.5916
vn 0.8448 0.1026 -0.5252
vn 0.8539 -0.0620 -0.5167
vn 0.0078 -0.0763 -0.9971
vn -0.8812 -0.0239 -0.4721
vn 0.8463 0.0484 0.5306
vn -0.8800 0.2742 0.3878
vn 0.4424 -0.8947 0.0608
vn -0.6873 0.0067 0.7263
vn 0.4376 0.2691 0.8579
vn 0.2515 0.9479 -0.1956
vn 0.1229 -0.1218 0.9849
vn 0.9315 0.0386 -0.3616
vn 0.2748 -0.9331 -0.2319
vn 0.5272 0.1214 -0.8410
vn -0.8111 0.2059 -0.5475
vn -0.0099 0.1853 -0.9826
vn -0.9261 -0.1301 -0.3542
vn -0.2794 0.9589 -0.0495
vn 0.2177 0.8704 0.4416
vn 0.0968 0.9854 0.1401
vn 0.0657 0.9065 -0.4171
vn 0.3462 0.9222 0.1725
vn -0.0842 0.9794 0.1833
vn -0.0012 0.9289 -0.3703
vn -0.1775 0.9307 0.3200
vn -0.0225 0.9995 0.0199
vn 0.0276 -0.9714 -0.2358
vn 0.3628 -0.9257 -0.1069
vn 0.5544 -0.8302 -0.0590
vn -0.3313 -0.9382 -0.1002
vn 0.0994 0.9775 0.1861
vn 0.2379 -0.9628 0.1280
vn -0.2074 -0.9783 0.0026
vn 0.1836 -0.9827 -0.0251
vn -0.2124 -0.9361 0.2805
vn -0.8666 -0.1035 0.4882
vn 0.1135 -0.9699 0.2156
vn -0.7007 0.1682 0.6934
vn -0.0021 0.9620 -0.2729
vn 0.9925 -0.0991 0.0721
vn 0.0276 0.0587 0.9979
vn 0.8438 -0.3658 -0.3926
vn -0.0006 0.9280 -0.3726
vn 0.5269 0.1260 -0.8405
vn -0.8072 0.2132 -0.5504
vn -0.2264 -0.1348 -0.9646
vn -0.7899 0.3525 -0.5018
vn -0.3084 0.9505 0.0383
vn -0.4339 -0.8995 0.0513
vn -0.0758 -0.9935 0.0849
vn -0.5339 -0.3024 -0.7896
vn -0.8840 0.0879 -0.4591
vn 0.0950 -0.9467 -0.3079
vn -0.4127 0.0740 0.9079
vn -0.9316 0.1097 0.3466
vn 0.1220 0.1415 0.9824
vn 0.6062 -0.2617 0.7510
vn 0.9756 0.1335 0.1743
vn 0.5910 0.7552 -0.2836
vn 0.9570 0.0100 -0.2898
vn 0.4440 0.3412 -0.8285
vn 0.1414 0.9288 -0.3424
vn -0.0924 0.9831 -0.1583
vn -0.2300 0.9717 -0.0531
vn 0.4260 0.8814 -0.2042
vn -0.2844 0.9485 0.1396
vn -0.2710 0.9482 0.1660
vn 0.0178 0.9967 0.0794
vn 0.4849 0.8618 0.1489
vn -0.0353 0.9522 0.3034
vn 0.1546 -0.9867 -0.0500
vn -0.1323 -0.9357 0.3271
vn -0.1564 -0.9336 0.3223
vn 0.0137 -0.9769 0.2133
vn 0.5839 0.8106 -0.0450
vn 0.1449 -0.9892 0.0215
vn -0.5322 0.8403 -0.1029
vn 0.0761 -0.9703 -0.2296
vn -0.3431 -0.9298 0.1331
vn 0.1341 0.9518 -0.2760
vn -0.5144 0.0889 -0.8529
vn -0.3429 -0.9393 0.0074
vn -0.9775 0.0712 0.1985
vn -0.4176 0.1046 0.9026
vn -0.9291 0.1625 0.3321
vn 0.1979 -0.2596 0.9452
vn 0.5774 0.1410 0.8042
vn 0.8109 0.5139 0.2797
vn 0.6688 0.1857 -0.7199
vn 0.9279 0.3270 -0.1790
vn -0.1001 -0.9914 -0.0843
vn -0.0520 0.9837 0.1724
vn -0.1027 0.9820 -0.1584
vn -0.0267 -0.9899 -0.1394
vn 0.1415 -0.9768 -0.1605
vn -0.5242 0.5571 0.6441
vn -0.9390 -0.2559 -0.2298
vn 0.9179 -0.1633 0.3615
vn -0.7177 -0.1056 0.6883
vn 0.5552 -0.0749 -0.8284
vn 0.1227 0.8550 0.5039
vn -0.5413 0.5082 -0.6699
vn 0.0699 0.2370 0.9690
vn 0.5486 -0.0274 0.8356
vn -0.3514 -0.9362 0.0126
vn -0.0109 0.9146 0.4042
vn 0.0391 0.9313 0.3621
vn 0.9703 0.2049 -0.1283
vn 0.0460 -0.9608 0.2734
vn 0.7480 0.5031 -0.4329
vn 0.2747 -0.9499 0.1488
vn 0.8558 0.2462 -0.4550
vn -0.0456 -0.9902 0.1320
vn -0.0231 -0.9811 -0.1919
vn -0.6424 0.0824 -0.7620
vn 0.2928 0.9306 -0.2195
vn 0.1208 -0.9229 0.3657
vn -0.6490 0.2324 -0.7244
vn 0.2293 0.6164 -0.7533
vn -0.6717 -0.0090 -0.7408
vn -0.0404 0.0898 -0.9951
vn -0.0140 0.9458 -0.3244
vn 0.0190 0.9683 0.2490
vn -0.0005 0.9804 0.1968
vn -0.2474 0.9688 -0.0170
vn -0.0333 0.9476 0.3176
vn -0.0096 0.9319 0.3627
vn 0.2713 0.9433 -0.1913
vn 0.0490 0.9933 -0.1045
vn -0.3722 -0.9129 -0.1674
vn 0.0168 0.9937 0.1110
vn 0.0095 0.9752 -0.2213
vn 0.0518 0.9630 0.2644
vn -0.1087 -0.9798 -0.1677
vn -0.2961 0.9526 0.0691
vn 0.0071 -0.9642 -0.2651
vn 0.0969 -0.9839 -0.1500
vn -0.2711 -0.3949 -0.8778
vn 0.5539 -0.8170 0.1605
vn 0.0371 -0.9927 0.1147
vn -0.3402 -0.9209 -0.1903
vn -0.2628 -0.9625 0.0674
vn -0.0777 -0.9965 0.0298
vn 0.0180 0.9910 0.1327
vn -0.1476 -0.9839 0.1005
vn -0.0600 0.9508 -0.3039
vn 0.9939 -0.0914 -0.0613
vn 0.3137 0.5055 -0.8038
vn 0.9219 -0.1012 0.3739
vn -0.3705 0.8740 -0.3146
vn -0.0957 0.9570 0.2737
vn 0.0685 -0.9919 0.1072
vn -0.0892 0.9209 -0.3794
vn 0.0315 -0.9986 -0.0419
vn 0.3044 -0.8964 -0.3222
vn 0.3082 0.9339 -0.1812
vn -0.1561 -0.9848 0.0768
vn -0.6249 -0.7774 -0.0715
vn -0.6670 0.6147 0.4210
vn 0.1293 0.9817 0.1399
vn -0.0245 0.9863 -0.1632
vn -0.9983 0.0020 0.0576
vn -0.7278 0.0418 0.6845
vn -0.0031 0.9715 0.2370
vn -0.0734 -0.0481 -0.9961
vn 0.5254 0.2856 0.8015
vn 0.0764 0.2260 0.9711
vn -0.3754 -0.9249 -0.0608
vn -0.1062 -0.9385 -0.3285
vn 0.1838 0.9667 0.1783
vn -0.0606 0.9450 -0.3213
vn -0.2623 -0.9611 0.0866
vn -0.0316 0.9994 0.0117
vn 0.0742 -0.9907 -0.1143
vn -0.8464 -0.5139 0.1396
vn -0.3896 0.8353 0.3880
vn 0.1370 0.1979 0.9706
vn -0.5755 -0.2717 0.7713
vn -0.5069 -0.2626 0.8210
vn -0.1995 -0.9752 0.0955
vn -0.2046 0.9664 0.1554
vn -0.0164 0.9985 -0.0520
vn 0.1777 -0.9479 -0.2645
vn 0.7277 -0.6528 -0.2104
vn 0.7377 -0.3421 0.5821
vn 0.5023 0.7496 0.4311
vn 0.0750 0.8216 -0.5651
vn 0.1115 -0.9932 0.0324
vn -0.0810 0.3224 -0.9431
vn 0.4958 0.3379 -0.8000
vn 0.2090 -0.5587 -0.8026
vn -0.1267 0.0607 -0.9901
vn 0.6614 -0.5611 0.4976
vn 0.2691 0.8869 -0.3755
vn -0.0493 0.9964 -0.0693
vn -0.2500 0.9205 0.3002
vn -0.1467 0.9304 -0.3359
vn 0.0401 0.9884 0.1464
vn -0.0655 0.8615 0.5035
vn -0.0174 0.9916 0.1282
vn 0.3018 0.9519 -0.0537
vn 0.1592 0.9872 -0.0039
vn 0.0988 -0.9864 -0.1310
vn -0.1852 -0.8277 -0.5297
vn -0.0997 -0.9922 0.0749
vn 0.0068 -0.9570 -0.2901
vn 0.0831 -0.9945 0.0637
vn 0.0575 -0.9927 0.1058
vn -0.1197 -0.9553 -0.2702
vn 0.8327 -0.4035 -0.3793
vn -0.2618 -0.9648 -0.0249
vn 0.7330 -0.6455 -0.2145
vn -0.7442 -0.5328 0.4028
vn 0.6785 -0.6424 -0.3564
vn 0.5091 0.1928 -0.8388
vn -0.0653 -0.9855 0.1564
vn 0.0083 0.9943 0.1060
vn 0.3322 0.9163 -0.2235
vn -0.0963 -0.9843 0.1481
vn 0.0695 -0.9942 -0.0817
vn -0.4655 -0.8377 0.2856
vn -0.5074 0.7133 -0.4834
vn -0.7398 -0.5431 0.3972
vn -0.5758 -0.2397 0.7817
vn 0.0158 0.9922 0.1235
vn -0.2635 0.9294 -0.2585
vn -0.9566 -0.2699 0.1103
vn -0.5866 0.2555 0.7685
vn 0.2157 -0.3218 0.9219
vn 0.0853 0.9458 0.3134
vn 0.2125 0.9747 0.0697
vn -0.8551 0.3376 0.3934
vn 0.1563 0.9865 0.0492
vn -0.0059 -0.9280 -0.3726
vn 0.1465 0.9779 -0.1494
vn 0.0977 0.9781 -0.1837
vn -0.3668 0.7203 0.5888
vn -0.2441 -0.9621 0.1219
vn 0.9301 -0.3637 0.0524
vn 0.8407 -0.0057 -0.5415
vn 0.4634 -0.6123 0.6406
vn 0.9932 -0.0095 0.1157
vn 0.4863 -0.0681 0.8712
vn 0.8140 0.2784 -0.5097
vn -0.8917 0.1877 -0.4119
vn 0.0904 -0.9535 0.2875
vn 0.1034 0.9932 -0.0529
vn -0.1427 -0.0268 -0.9894
vn 0.3738 0.0875 -0.9234
vn 0.7329 -0.6720 0.1066
vn -0.7532 -0.6473 0.1173
vn -0.6221 0.1569 -0.7670
vn -0.6899 0.0157 -0.7237
vn 0.0427 0.9947 0.0935
vn -0.1451 0.9853 -0.0906
vn 0.1920 0.9808 0.0342
vn -0.0170 0.9992 -0.0359
vn 0.0423 0.9967 0.0691
vn -0.0829 0.9541 -0.2878
vn 0.0883 0.9932 -0.0754
vn -0.5483 0.2606 -0.7946
vn 0.0064 0.9882 0.1531
vn 0.2143 0.9743 -0.0694
vn 0.2656 0.9634 -0.0359
vn 0.1199 -0.9923 -0.0301
vn 0.0019 -0.9995 0.0330
vn 0.5896 -0.7180 0.3699
vn -0.0728 -0.9973 -0.0003
vn -0.2335 -0.9658 -0.1128
vn 0.2862 -0.9166 0.2793
vn -0.0910 -0.9892 0.1145
vn -0.1481 0.0015 -0.9890
vn -0.2642 -0.8540 0.4482
vn 0.2780 -0.1454 -0.9495
vn 0.0550 0.0781 0.9954
vn -0.1432 -0.9884 -0.0509
vn -0.3140 -0.9446 -0.0952
vn 0.0787 -0.9657 0.2474
vn -0.2264 0.9510 -0.2106
vn -0.3455 0.9255 -0.1550
vn -0.2406 -0.9692 -0.0521
vn -0.2152 -0.9766 -0.0050
vn 0.1959 -0.3749 0.9061
vn -0.8696 -0.0330 0.4927
vn -0.2221 0.9621 -0.1584
vn 0.8183 -0.3411 -0.4626
vn 0.1950 -0.8834 0.4261
vn -0.1962 -0.9805 0.0085
vn -0.1290 -0.7420 0.6578
vn -0.6566 -0.5221 -0.5443
vn 0.8512 0.0243 -0.5243
vn 0.3680 0.4520 0.8126
vn 0.1782 0.3128 0.9329
vn -0.2609 -0.9639 0.0542
vn -0.2104 -0.8879 -0.4091
vn -0.0261 -0.9861 0.1644
vn -0.1769 -0.9656 -0.1906
vn 0.0359 -0.9984 -0.0435
vn 0.3771 0.7542 -0.5376
vn -0.0206 0.9990 -0.0391
vn 0.2402 0.9679 -0.0742
vn 0.3033 -0.3634 -0.8809
vn -0.3338 0.9377 -0.0966
vn 0.9238 0.2190 0.3142
vn -0.5979 0.6594 -0.4558
vn -0.1332 -0.8989 -0.4174
vn -0.1221 0.9923 0.0194
vn -0.0562 -0.9923 -0.1101
vn 0.1545 0.9869 0.0466
vn 0.8714 0.2342 -0.4310
vn 0.0329 -0.9706 -0.2384
vn -0.5374 0.7274 -0.4267
vn -0.4435 0.8187 0.3647
vn -0.5311 -0.8120 -0.2421
vn -0.3014 0.9509 0.0710
vn -0.2653 0.8183 0.5099
vn 0.4642 -0.8802 -0.0991
vn 0.0137 -0.9945 -0.1043
vn 0.1623 0.9701 -0.1806
vn 0.1002 0.9926 0.0690
vn 0.0874 -0.9538 -0.2873
vn 0.1245 -0.9909 -0.0521
vn 0.1114 -0.9182 0.3802
vn -0.2127 0.9055 0.3672
vn -0.0554 0.9971 0.0513
vn 0.5153 0.7902 -0.3317
vn -0.3163 -0.9093 -0.2704
vn 0.0077 -0.9991 -0.0426
vn 0.2088 -0.9554 0.2088
vn -0.1647 -0.9750 0.1490
vn -0.1747 -0.9765 -0.1264
vn 0.0060 -0.9990 -0.0441
vn 0.1248 -0.9908 -0.0518
vn -0.0075 0.6047 0.7964
vn -0.2764 0.8925 0.3564
vn -0.3144 -0.9489 -0.0263
vn 0.1438 -0.7349 0.6628
vn 0.6539 0.2146 0.7255
vn 0.1724 0.9840 -0.0456
vn 0.1562 0.9844 0.0809
vn 0.2028 0.9776 0.0568
vn 0.0034 0.9943 -0.1063
vn 0.0970 -0.9863 -0.1331
vn -0.2256 -0.6079 0.7613
vn 0.4041 0.7799 -0.4779
vn 0.0689 0.9688 0.2380
vn -0.3067 0.7513 0.5844
vn -0.5310 -0.8199 0.2141
vn 0.1623 -0.9858 -0.0437
vn -0.0357 0.9684 0.2469
vn 0.2880 -0.9025 -0.3202
vn -0.3010 -0.9502 -0.0812
vn -0.2707 -0.9626 -0.0120
vn 0.1548 -0.9202 -0.3596
vn -0.2742 -0.9602 -0.0533
vn 0.4146 0.8569 0.3064
vn -0.1788 0.9827 -0.0486
vn -0.1542 -0.9878 0.0217
vn -0.9409 0.3281 -0.0838
vn -0.4378 -0.1076 0.8926
vn -0.0916 0.9406 -0.3269
vn 0.1209 0.8948 0.4299
vn -0.0358 0.3332 0.9422
vn 0.0114 0.9937 0.1117
vn 0.5540 -0.4554 0.6969
vn 0.0079 0.9996 -0.0279
vn 0.8870 -0.4593 0.0475
vn 0.3884 0.0507 -0.9201
vn 0.7141 -0.0659 -0.6969
vn 0.3809 0.0298 -0.9241
vn -0.2951 -0.0770 -0.9524
vn -0.8390 -0.1522 -0.5225
vn -0.2393 0.9428 0.2321
vn -0.3197 0.8653 -0.3862
vn -0.2372 0.9427 0.2346
vn 0.0324 0.9661 0.2562
vn 0.2034 0.9734 -0.1058
vn -0.4465 0.8904 0.0879
vn 0.2390 -0.9549 0.1761
vn 0.3427 -0.9393 0.0152
vn -0.1689 0.9051 0.3902
vn 0.1034 0.9753 0.1950
vn 0.0183 0.9057 -0.4235
vn -0.1882 -0.9277 -0.3224
vn -0.0191 0.9937 0.1106
vn 0.8937 0.2244 -0.3885
vn -0.0227 0.9123 0.4089
vn 0.1262 0.9911 -0.0416
vn 0.2687 -0.9555 0.1215
vn -0.1810 -0.7916 -0.5836
vn -0.3412 0.5091 -0.7902
vn 0.0808 0.9624 0.2595
vn 0.3371 -0.9414 0.0084
vn 0.0315 0.9553 0.2940
vn 0.2075 -0.9527 0.2222
vn -0.3538 -0.8365 -0.4185
vn -0.1615 -0.9869 0.0035
vn -0.4355 -0.8697 -0.2321
vn -0.2380 0.9685 0.0731
vn -0.0841 -0.9959 0.0338
vn -0.0383 -0.9976 -0.0573
vn -0.1845 -0.8965 -0.4029
vn 0.0085 -0.9884 0.1519
vn 0.0426 -0.9988 0.0232
vn 0.1011 -0.9731 0.2071
vn -0.6150 0.3513 0.7059
vn -0.9754 -0.1155 0.1876
vn -0.4789 0.2806 0.8319
vn 0.9845 0.0484 0.1687
vn 0.3580 0.7367 0.5737
vn -0.1817 0.9722 -0.1476
vn 0.6737 -0.1653 0.7202
vn -0.1057 0.9768 0.1863
usemtl lambert1
s 1
f 20/1/1 14/2/1 21/3/1
f 12/4/2 10/5/2 243/6/2
f 22/7/3 8/8/3 244/9/3
f 2/10/4 11/11/4 6/12/4
f 23/13/5 245/14/5 19/15/5
f 3/16/6 1/17/6 9/18/6
f 17/19/7 246/20/7 4/21/7
f 247/22/8 7/23/8 248/24/8
f 249/25/9 250/26/9 251/27/9
f 252/28/10 253/29/10 254/30/10
f 255/31/11 256/32/11 16/33/11
f 257/34/12 258/35/12 13/36/12
f 259/37/13 260/38/13 261/39/13
f 24/40/14 262/41/14 15/42/14
f 263/43/15 264/44/15 265/45/15
f 18/46/16 266/47/16 267/48/16
f 268/49/17 269/50/17 270/51/17
f 271/52/18 272/53/18 5/54/18
f 273/55/19 274/56/19 275/57/19
f 276/58/20 277/59/20 278/60/20
f 279/61/21 280/62/21 281/63/21
f 282/64/22 283/65/22 284/66/22
f 285/67/23 286/68/23 287/69/23
f 288/70/24 289/71/24 290/72/24
f 291/73/25 292/74/25 293/75/25
f 294/76/26 295/77/26 296/78/26
f 297/79/27 298/80/27 299/81/27
f 300/82/28 301/83/28 302/84/28
f 303/85/29 304/86/29 305/87/29
f 306/88/30 307/89/30 308/90/30
f 309/91/31 310/92/31 311/93/31
f 312/94/32 313/95/32 314/96/32
f 315/97/33 316/98/33 317/99/33
f 318/100/34 319/101/34 320/102/34
f 321/103/35 322/104/35 323/105/35
f 324/106/36 325/107/36 326/108/36
f 327/109/37 328/110/37 329/111/37
f 330/112/38 331/113/38 332/114/38
f 333/115/39 334/116/39 335/117/39
f 28/118/40 26/119/40 25/120/40
f 35/121/41 33/122/41 30/123/41
f 32/124/42 336/125/42 27/126/42
f 337/127/43 338/128/43 31/129/43
f 339/130/44 340/131/44 341/132/44
f 38/133/45 36/134/45 342/135/45
f 40/136/46 343/137/46 37/138/46
f 41/139/47 29/140/47 43/141/47
f 44/142/48 344/143/48 345/144/48
f 46/145/49 346/146/49 347/147/49
f 48/148/50 348/149/50 45/150/50
f 349/151/51 350/152/51 47/153/51
f 34/154/52 351/155/52 352/156/52
f 39/157/53 353/158/53 354/159/53
f 355/160/54 356/161/54 357/162/54
f 42/163/55 358/164/55 359/165/55
f 360/166/56 361/167/56 362/168/56
f 363/169/57 364/170/57 365/171/57
f 366/172/58 367/173/58 368/174/58
f 369/175/59 370/176/59 371/177/59
f 372/178/60 373/179/60 374/180/60
f 375/181/61 376/182/61 377/183/61
f 378/184/62 379/185/62 380/186/62
f 381/187/63 382/188/63 383/189/63
f 384/190/64 385/191/64 386/192/64
f 387/193/65 388/194/65 389/195/65
f 390/196/66 391/197/66 392/198/66
f 393/199/67 394/200/67 395/201/67
f 396/202/68 397/203/68 398/204/68
f 399/205/69 400/206/69 401/207/69
f 402/208/70 403/209/70 404/210/70
f 405/211/71 406/212/71 407/213/71
f 408/214/72 409/215/72 410/216/72
f 411/217/73 412/218/73 413/219/73
f 414/220/74 415/221/74 416/222/74
f 417/223/75 418/224/75 419/225/75
f 420/226/76 421/227/76 422/228/76
f 423/229/77 424/230/77 425/231/77
f 426/232/78 427/233/78 428/234/78
f 429/235/79 430/236/79 431/237/79
f 432/238/80 433/239/80 434/240/80
f 435/241/81 436/242/81 437/243/81
f 438/244/82 439/245/82 440/246/82
f 441/247/83 442/248/83 443/249/83
f 61/250/84 59/251/84 63/252/84
f 54/253/85 52/254/85 49/255/85
f 55/256/86 444/257/86 53/258/86
f 56/259/87 445/260/87 50/261/87
f 60/262/88 58/263/88 57/264/88
f 62/265/89 446/266/89 447/267/89
f 64/268/90 448/269/90 449/270/90
f 66/271/91 450/272/91 451/273/91
f 68/274/92 452/275/92 65/276/92
f 70/277/93 453/278/93 67/279/93
f 72/280/94 454/281/94 455/282/94
f 456/283/95 457/284/95 71/285/95
f 458/286/96 459/287/96 460/288/96
f 69/289/97 51/290/97 461/291/97
f 462/292/98 463/293/98 464/294/98
f 465/295/99 466/296/99 467/297/99
f 468/298/100 469/299/100 470/300/100
f 471/301/101 472/302/101 473/303/101
f 474/304/102 475/305/102 476/306/102
f 477/307/103 478/308/103 479/309/103
f 480/310/104 481/311/104 482/312/104
f 483/313/105 484/314/105 485/315/105
f 486/316/106 487/317/106 488/318/106
f 489/319/107 490/320/107 491/321/107
f 492/322/108 493/323/108 494/324/108
f 495/325/109 496/326/109 497/327/109
f 498/328/110 499/329/110 500/330/110
f 501/331/111 502/332/111 503/333/111
f 504/334/112 505/335/112 506/336/112
f 507/337/113 508/338/113 509/339/113
f 510/340/114 511/341/114 512/342/114
f 513/343/115 514/344/115 515/345/115
f 516/346/116 517/347/116 518/348/116
f 519/349/117 520/350/117 521/351/117
f 522/352/118 523/353/118 524/354/118
f 525/355/119 526/356/119 527/357/119
f 528/358/120 529/359/120 530/360/120
f 531/361/121 532/362/121 533/363/121
f 534/364/122 535/365/122 536/366/122
f 537/367/123 538/368/123 539/369/123
f 540/370/124 541/371/124 542/372/124
f 543/373/125 544/374/125 545/375/125
f 546/376/126 547/377/126 548/378/126
f 549/379/127 550/380/127 551/381/127
f 100/382/128 110/383/128 103/384/128
f 94/385/129 91/386/129 97/387/129
f 85/388/130 80/389/130 79/390/130
f 77/391/131 75/392/131 73/393/131
f 87/394/132 89/395/132 552/396/132
f 76/397/133 553/398/133 96/399/133
f 554/400/134 555/401/134 556/402/134
f 88/403/135 86/404/135 557/405/135
f 106/406/136 108/407/136 558/408/136
f 95/409/137 92/410/137 559/411/137
f 560/412/138 84/413/138 561/414/138
f 74/415/139 90/416/139 109/417/139
f 562/418/140 563/419/140 107/420/140
f 564/421/141 565/422/141 566/423/141
f 567/424/142 568/425/142 569/426/142
f 78/427/143 570/428/143 571/429/143
f 572/430/144 102/431/144 573/432/144
f 574/433/145 575/434/145 576/435/145
f 577/436/146 105/437/146 578/438/146
f 579/439/147 580/440/147 581/441/147
f 582/442/148 583/443/148 584/444/148
f 112/445/149 82/446/149 585/447/149
f 83/448/150 101/449/150 111/450/150
f 586/451/151 587/452/151 93/453/151
f 588/454/152 589/455/152 590/456/152
f 591/457/153 592/458/153 593/459/153
f 594/460/154 595/461/154 596/462/154
f 597/463/155 598/464/155 599/465/155
f 104/466/156 600/467/156 601/468/156
f 602/469/157 81/470/157 603/471/157
f 604/472/158 605/473/158 606/474/158
f 607/475/159 608/476/159 609/477/159
f 610/478/160 611/479/160 612/480/160
f 613/481/161 614/482/161 615/483/161
f 616/484/162 617/485/162 618/486/162
f 619/487/163 620/488/163 621/489/163
f 622/490/164 623/491/164 624/492/164
f 625/493/165 626/494/165 627/495/165
f 628/496/166 99/497/166 629/498/166
f 630/499/167 631/500/167 632/501/167
f 633/502/168 634/503/168 635/504/168
f 636/505/169 637/506/169 638/507/169
f 639/508/170 640/509/170 641/510/170
f 642/511/171 643/512/171 644/513/171
f 645/514/172 646/515/172 647/516/172
f 648/517/173 649/518/173 650/519/173
f 651/520/174 652/521/174 653/522/174
f 654/523/175 98/524/175 655/525/175
f 656/526/176 657/527/176 658/528/176
f 659/529/177 660/530/177 661/531/177
f 662/532/178 663/533/178 664/534/178
f 665/535/179 666/536/179 667/537/179
f 668/538/180 669/539/180 670/540/180
f 671/541/181 672/542/181 673/543/181
f 674/544/182 675/545/182 676/546/182
f 677/547/183 678/548/183 679/549/183
f 680/550/184 681/551/184 682/552/184
f 683/553/185 684/554/185 685/555/185
f 686/556/186 687/557/186 688/558/186
f 689/559/187 690/560/187 691/561/187
f 692/562/188 693/563/188 694/564/188
f 695/565/189 696/566/189 697/567/189
f 698/568/190 699/569/190 700/570/190
f 701/571/191 702/572/191 703/573/191
f 704/574/192 705/575/192 706/576/192
f 707/577/193 708/578/193 709/579/193
f 710/580/194 711/581/194 712/582/194
f 713/583/195 714/584/195 715/585/195
f 716/586/196 717/587/196 718/588/196
f 719/589/197 720/590/197 721/591/197
f 722/592/198 723/593/198 724/594/198
f 725/595/199 726/596/199 727/597/199
f 728/598/200 729/599/200 730/600/200
f 731/601/201 732/602/201 733/603/201
f 734/604/202 735/605/202 736/606/202
f 737/607/203 738/608/203 739/609/203
f 130/610/204 118/611/204 128/612/204
f 117/613/205 121/614/205 127/615/205
f 119/616/206 136/617/206 116/618/206
f 740/619/207 144/620/207 741/621/207
f 137/622/208 742/623/208 143/624/208
f 124/625/209 743/626/209 120/627/209
f 129/628/210 133/629/210 744/630/210
f 745/631/211 126/632/211 125/633/211
f 131/634/212 746/635/212 132/636/212
f 747/637/213 748/638/213 122/639/213
f 749/640/214 750/641/214 751/642/214
f 752/643/215 123/644/215 753/645/215
f 754/646/216 135/647/216 755/648/216
f 141/649/217 134/650/217 114/651/217
f 140/652/218 139/653/218 756/654/218
f 757/655/219 758/656/219 759/657/219
f 760/658/220 761/659/220 762/660/220
f 763/661/221 764/662/221 138/663/221
f 765/664/222 766/665/222 767/666/222
f 115/667/223 768/668/223 769/669/223
f 113/670/224 770/671/224 771/672/224
f 145/673/225 142/674/225 772/675/225
f 773/676/226 774/677/226 775/678/226
f 776/679/227 777/680/227 778/681/227
f 779/682/228 780/683/228 781/684/228
f 782/685/229 783/686/229 784/687/229
f 785/688/230 786/689/230 787/690/230
f 788/691/231 789/692/231 790/693/231
f 791/694/232 792/695/232 793/696/232
f 794/697/233 795/698/233 796/699/233
f 797/700/234 798/701/234 799/702/234
f 800/703/235 801/704/235 802/705/235
f 803/706/236 804/707/236 805/708/236
f 806/709/237 807/710/237 808/711/237
f 809/712/238 810/713/238 811/714/238
f 812/715/239 813/716/239 814/717/239
f 815/718/240 816/719/240 817/720/240
f 818/721/241 819/722/241 820/723/241
f 821/724/242 822/725/242 823/726/242
f 824/727/243 825/728/243 826/729/243
f 827/730/244 828/731/244 829/732/244
f 830/733/245 831/734/245 832/735/245
f 833/736/246 834/737/246 835/738/246
f 836/739/247 837/740/247 838/741/247
f 839/742/248 840/743/248 841/744/248
f 842/745/249 843/746/249 844/747/249
f 845/748/250 846/749/250 847/750/250
f 848/751/251 849/752/251 850/753/251
f 851/754/252 852/755/252 853/756/252
f 854/757/253 855/758/253 856/759/253
f 857/760/254 858/761/254 859/762/254
f 860/763/255 861/764/255 862/765/255
f 863/766/256 864/767/256 865/768/256
f 866/769/257 867/770/257 868/771/257
f 869/772/258 870/773/258 871/774/258
f 872/775/259 873/776/259 874/777/259
f 875/778/260 876/779/260 877/780/260
f 878/781/261 879/782/261 880/783/261
f 881/784/262 882/785/262 883/786/262
f 884/787/263 885/788/263 886/789/263
f 887/790/264 888/791/264 889/792/264
f 890/793/265 891/794/265 892/795/265
f 151/796/266 147/797/266 146/798/266
f 153/799/267 166/800/267 162/801/267
f 155/802/268 149/803/268 152/804/268
f 171/805/269 168/806/269 893/807/269
f 894/808/270 148/809/270 895/810/270
f 157/811/271 154/812/271 896/813/271
f 172/814/272 897/815/272 159/816/272
f 161/817/273 898/818/273 158/819/273
f 167/820/274 899/821/274 164/822/274
f 160/823/275 900/824/275 901/825/275
f 902/826/276 903/827/276 904/828/276
f 165/829/277 905/830/277 906/831/277
f 907/832/278 908/833/278 909/834/278
f 910/835/279 911/836/279 176/837/279
f 912/838/280 913/839/280 914/840/280
f 915/841/281 916/842/281 163/843/281
f 170/844/282 917/845/282 918/846/282
f 175/847/283 919/848/283 920/849/283
f 921/850/284 922/851/284 178/852/284
f 923/853/285 177/854/285 924/855/285
f 925/856/286 926/857/286 927/858/286
f 928/859/287 929/860/287 173/861/287
f 930/862/288 931/863/288 932/864/288
f 933/865/289 934/866/289 935/867/289
f 936/868/290 937/869/290 938/870/290
f 939/871/291 940/872/291 941/873/291
f 942/874/292 943/875/292 944/876/292
f 945/877/293 946/878/293 947/879/293
f 948/880/294 949/881/294 950/882/294
f 951/883/295 952/884/295 953/885/295
f 954/886/296 955/887/296 956/888/296
f 957/889/297 958/890/297 959/891/297
f 960/892/298 169/893/298 961/894/298
f 962/895/299 963/896/299 964/897/299
f 150/898/300 965/899/300 966/900/300
f 967/901/301 968/902/301 969/903/301
f 970/904/302 971/905/302 972/906/302
f 973/907/303 156/908/303 974/909/303
f 975/910/304 976/911/304 977/912/304
f 978/913/305 979/914/305 980/915/305
f 174/916/306 981/917/306 982/918/306
f 983/919/307 984/920/307 985/921/307
f 986/922/308 987/923/308 988/924/308
f 989/925/309 990/926/309 991/927/309
f 992/928/310 993/929/310 994/930/310
f 995/931/311 996/932/311 997/933/311
f 998/934/312 999/935/312 1000/936/312
f 1001/937/313 1002/938/313 1003/939/313
f 1004/940/314 1005/941/314 1006/942/314
f 1007/943/315 1008/944/315 1009/945/315
f 1010/946/316 1011/947/316 1012/948/316
f 1013/949/317 1014/950/317 1015/951/317
f 1016/952/318 1017/953/318 1018/954/318
f 1019/955/319 1020/956/319 1021/957/319
f 1022/958/320 1023/959/320 1024/960/320
f 1025/961/321 1026/962/321 1027/963/321
f 1028/964/322 1029/965/322 1030/966/322
f 1031/967/323 1032/968/323 1033/969/323
f 1034/970/324 1035/971/324 1036/972/324
f 1037/973/325 1038/974/325 1039/975/325
f 1040/976/326 1041/977/326 1042/978/326
f 1043/979/327 1044/980/327 1045/981/327
f 191/982/328 208/983/328 188/984/328
f 195/985/329 210/986/329 183/987/329
f 1046/988/330 211/989/330 1047/990/330
f 180/991/331 205/992/331 199/993/331
f 1048/994/332 1049/995/332 1050/996/332
f 206/997/333 212/998/333 1051/999/333
f 185/1000/334 203/1001/334 1052/1002/334
f 186/1003/335 181/1004/335 207/1005/335
f 1053/1006/336 179/1007/336 184/1008/336
f 200/1009/337 1054/1010/337 1055/1011/337
f 187/1012/338 1056/1013/338 190/1014/338
f 1057/1015/339 197/1016/339 202/1017/339
f 1058/1018/340 1059/1019/340 1060/1020/340
f 1061/1021/341 1062/1022/341 1063/1023/341
f 1064/1024/342 1065/1025/342 1066/1026/342
f 182/1027/343 1067/1028/343 1068/1029/343
f 1069/1030/344 1070/1031/344 1071/1032/344
f 1072/1033/345 1073/1034/345 198/1035/345
f 1074/1036/346 1075/1037/346 1076/1038/346
f 1077/1039/347 201/1040/347 1078/1041/347
f 1079/1042/348 1080/1043/348 1081/1044/348
f 1082/1045/349 1083/1046/349 1084/1047/349
f 1085/1048/350 204/1049/350 1086/1050/350
f 192/1051/351 1087/1052/351 209/1053/351
f 1088/1054/352 1089/1055/352 1090/1056/352
f 1091/1057/353 1092/1058/353 1093/1059/353
f 1094/1060/354 1095/1061/354 1096/1062/354
f 1097/1063/355 1098/1064/355 1099/1065/355
f 196/1066/356 1100/1067/356 1101/1068/356
f 194/1069/357 1102/1070/357 1103/1071/357
f 193/1072/358 1104/1073/358 1105/1074/358
f 1106/1075/359 1107/1076/359 1108/1077/359
f 1109/1078/360 1110/1079/360 1111/1080/360
f 1112/1081/361 1113/1082/361 1114/1083/361
f 1115/1084/362 1116/1085/362 1117/1086/362
f 1118/1087/363 1119/1088/363 1120/1089/363
f 1121/1090/364 1122/1091/364 1123/1092/364
f 1124/1093/365 1125/1094/365 1126/1095/365
f 189/1096/366 1127/1097/366 1128/1098/366
f 1129/1099/367 1130/1100/367 1131/1101/367
f 1132/1102/368 1133/1103/368 1134/1104/368
f 1135/1105/369 1136/1106/369 1137/1107/369
f 1138/1108/370 1139/1109/370 1140/1110/370
f 1141/1111/371 1142/1112/371 1143/1113/371
f 1144/1114/372 1145/1115/372 1146/1116/372
f 1147/1117/373 1148/1118/373 1149/1119/373
f 1150/1120/374 1151/1121/374 1152/1122/374
f 1153/1123/375 1154/1124/375 1155/1125/375
f 1156/1126/376 1157/1127/376 1158/1128/376
f 1159/1129/377 1160/1130/377 1161/1131/377
f 1162/1132/378 1163/1133/378 1164/1134/378
f 1165/1135/379 1166/1136/379 1167/1137/379
f 1168/1138/380 1169/1139/380 1170/1140/380
f 1171/1141/381 1172/1142/381 1173/1143/381
f 1174/1144/382 1175/1145/382 1176/1146/382
f 1177/1147/383 1178/1148/383 1179/1149/383
f 1180/1150/384 1181/1151/384 1182/1152/384
f 1183/1153/385 1184/1154/385 1185/1155/385
f 1186/1156/386 1187/1157/386 1188/1158/386
f 1189/1159/387 1190/1160/387 1191/1161/387
f 1192/1162/388 1193/1163/388 1194/1164/388
f 1195/1165/389 1196/1166/389 1197/1167/389
f 1198/1168/390 1199/1169/390 1200/1170/390
f 1201/1171/391 1202/1172/391 1203/1173/391
f 241/1174/392 232/1175/392 235/1176/392
f 218/1177/393 216/1178/393 215/1179/393
f 220/1180/394 1204/1181/394 217/1182/394
f 228/1183/395 234/1184/395 240/1185/395
f 224/1186/396 1205/1187/396 219/1188/396
f 226/1189/397 1206/1190/397 225/1191/397
f 1207/1192/398 230/1193/398 1208/1194/398
f 1209/1195/399 1210/1196/399 227/1197/399
f 231/1198/400 1211/1199/400 229/1200/400
f 1212/1201/401 1213/1202/401 1214/1203/401
f 236/1204/402 1215/1205/402 233/1206/402
f 238/1207/403 1216/1208/403 1217/1209/403
f 1218/1210/404 1219/1211/404 1220/1212/404
f 242/1213/405 1221/1214/405 239/1215/405
f 214/1216/406 1222/1217/406 1223/1218/406
f 1224/1219/407 1225/1220/407 213/1221/407
f 1226/1222/408 1227/1223/408 1228/1224/408
f 221/1225/409 1229/1226/409 1230/1227/409
f 1231/1228/410 1232/1229/410 1233/1230/410
f 1234/1231/411 1235/1232/411 1236/1233/411
f 1237/1234/412 1238/1235/412 1239/1236/412
f 1240/1237/413 222/1238/413 223/1239/413
f 1241/1240/414 1242/1241/414 1243/1242/414
f 1244/1243/415 1245/1244/415 1246/1245/415
f 1247/1246/416 1248/1247/416 1249/1248/416
f 1250/1249/417 1251/1250/417 1252/1251/417
f 1253/1252/418 1254/1253/418 1255/1254/418
f 1256/1255/419 1257/1256/419 1258/1257/419
f 237/1258/420 1259/1259/420 1260/1260/420
f 1261/1261/421 1262/1262/421 1263/1263/421
f 1264/1264/422 1265/1265/422 1266/1266/422
f 1267/1267/423 1268/1268/423 1269/1269/423
f 1270/1270/424 1271/1271/424 1272/1272/424
f 1273/1273/425 1274/1274/425 1275/1275/425
f 1276/1276/426 1277/1277/426 1278/1278/426
f 1279/1279/427 1280/1280/427 1281/1281/427
f 1282/1282/428 1283/1283/428 1284/1284/428
f 1285/1285/429 1286/1286/429 1287/1287/429
f 1288/1288/430 1289/1289/430 1290/1290/430
f 1291/1291/431 1292/1292/431 1293/1293/431
f 1294/1294/432 1295/1295/432 1296/1296/432
f 1297/1297/433 1298/1298/433 1299/1299/433
f 1300/1300/434 1301/1301/434 1302/1302/434
f 1303/1303/435 1304/1304/435 1305/1305/435
f 1306/1306/436 1307/1307/436 1308/1308/436
f 1309/1309/437 1310/1310/437 1311/1311/437
f 1312/1312/438 1313/1313/438 1314/1314/438
f 1315/1315/439 1316/1316/439 1317/1317/439
f 1318/1318/440 1319/1319/440 1320/1320/440
f 1321/1321/441 1322/1322/441 1323/1323/441
f 1324/1324/442 1325/1325/442 1326/1326/442
f 1327/1327/443 1328/1328/443 1329/1329/443
f 1330/1330/444 1331/1331/444 1332/1332/444
f 1333/1333/445 1334/1334/445 1335/1335/445
f 1336/1336/446 1337/1337/446 1338/1338/446
f 1339/1339/447 1340/1340/447 1341/1341/447
